TXT
MeshData
	maxDiffuseMipLevel 0
	hasValidTangents TRUE
    BoundingRadius 389.400515
	MaxBoundingExtents [ 294.946173  25.559882  252.954953 ]
	MinBoundingExtents [ -294.946173 -25.559885 -252.954953 ]
	NumMaterials 1
	Material
		DiffuseTextureFileName "CapitalShip_CylonGuardianMkII-cl.dds"
		SelfIlluminationTextureFileName "CapitalShip_CylonGuardianMkII-da.dds"
		NormalTextureFileName "CapitalShip_CylonGuardianMkII-nm.dds"
		DisplacementTextureFileName ""
		TeamColorTextureFileName ""
		Diffuse ffffffff
		Ambient ffffffff
		Specular ffffffff
		Emissive ffffffff
		Glossiness 10.000000
	NumPoints 42
	Point
		DataString "Hangar"
		Position [ -240.772208 -3.521545 -192.826153 ]
		Orientation
			 [ 0.000000 -1.000000  0.000000 ]
			 [ -0.536597  0.000000  0.843839 ]
			 [ -0.843839 -0.000000 -0.536597 ]
	Point
		DataString "Hangar"
		Position [ 240.773384 -3.521538 -192.826112 ]
		Orientation
			 [ 0.000000 -1.000000 -0.000000 ]
			 [ -0.442355  0.000000 -0.896840 ]
			 [ 0.896840  0.000000 -0.442355 ]
	Point
		DataString "Hangar"
		Position [ -0.000009 -3.521561  211.056514 ]
		Orientation
			 [ 0.000000 -1.000000  0.000000 ]
			 [ 1.000000  0.000000  0.000000 ]
			 [ -0.000000  0.000000  1.000000 ]
	Point
		DataString "Weapon-0"
		Position [ 162.883362 -3.521540 -238.363179 ]
		Orientation
			 [ 0.000000 -1.000000  0.000000 ]
			 [ -0.956731  0.000000  0.290975 ]
			 [ -0.290975 -0.000000 -0.956731 ]
	Point
		DataString "Weapon-0"
		Position [ 145.626478 -3.521540 -233.922166 ]
		Orientation
			 [ 0.000000 -1.000000  0.000000 ]
			 [ -0.956731  0.000000  0.290975 ]
			 [ -0.290975 -0.000000 -0.956731 ]
	Point
		DataString "Weapon-1"
		Position [ 119.251910 -3.521540 -226.191874 ]
		Orientation
			 [ 0.000000 -1.000000  0.000000 ]
			 [ -0.956731  0.000000  0.290975 ]
			 [ -0.290975 -0.000000 -0.956731 ]
	Point
		DataString "Weapon-1"
		Position [ 102.411220 -3.521540 -221.398802 ]
		Orientation
			 [ 0.000000 -1.000000  0.000000 ]
			 [ -0.956731  0.000000  0.290975 ]
			 [ -0.290975 -0.000000 -0.956731 ]
	Point
		DataString "Weapon-2"
		Position [ 71.673531 -3.521540 -211.852906 ]
		Orientation
			 [ 0.000000 -1.000000  0.000000 ]
			 [ -0.956731  0.000000  0.290975 ]
			 [ -0.290975 -0.000000 -0.956731 ]
	Point
		DataString "Weapon-2"
		Position [ 55.232502 -3.521540 -206.712778 ]
		Orientation
			 [ 0.000000 -1.000000  0.000000 ]
			 [ -0.956731  0.000000  0.290975 ]
			 [ -0.290975 -0.000000 -0.956731 ]
	Point
		DataString "Weapon-2"
		Position [ -55.231620 -3.521541 -206.712778 ]
		Orientation
			 [ 0.000000 -1.000000  0.000000 ]
			 [ -0.957382 -0.000000 -0.288824 ]
			 [ 0.288824 -0.000000 -0.957382 ]
	Point
		DataString "Weapon-2"
		Position [ -71.672941 -3.521541 -211.852906 ]
		Orientation
			 [ 0.000000 -1.000000  0.000000 ]
			 [ -0.957382 -0.000000 -0.288824 ]
			 [ 0.288824 -0.000000 -0.957382 ]
	Point
		DataString "Weapon-1"
		Position [ -102.410505 -3.521541 -221.398802 ]
		Orientation
			 [ 0.000000 -1.000000  0.000000 ]
			 [ -0.957382 -0.000000 -0.288824 ]
			 [ 0.288824 -0.000000 -0.957382 ]
	Point
		DataString "Weapon-1"
		Position [ -119.251657 -3.521541 -226.191874 ]
		Orientation
			 [ 0.000000 -1.000000  0.000000 ]
			 [ -0.957382 -0.000000 -0.288824 ]
			 [ 0.288824 -0.000000 -0.957382 ]
	Point
		DataString "Weapon-0"
		Position [ -145.626160 -3.521541 -233.922166 ]
		Orientation
			 [ 0.000000 -1.000000  0.000000 ]
			 [ -0.957382 -0.000000 -0.288824 ]
			 [ 0.288824 -0.000000 -0.957382 ]
	Point
		DataString "Weapon-0"
		Position [ -162.882248 -3.521541 -238.363179 ]
		Orientation
			 [ 0.000000 -1.000000  0.000000 ]
			 [ -0.957382 -0.000000 -0.288824 ]
			 [ 0.288824 -0.000000 -0.957382 ]
	Point
		DataString "Weapon-0"
		Position [ 240.276123 -3.521548 -107.454911 ]
		Orientation
			 [ 0.000000 -1.000000 -0.000000 ]
			 [ 0.705654  0.000000 -0.708557 ]
			 [ 0.708557 -0.000000  0.705654 ]
	Point
		DataString "Weapon-0"
		Position [ 226.822813 -3.521548 -94.432906 ]
		Orientation
			 [ 0.000000 -1.000000 -0.000000 ]
			 [ 0.705654  0.000000 -0.708557 ]
			 [ 0.708557 -0.000000  0.705654 ]
	Point
		DataString "Weapon-1"
		Position [ 207.812988 -3.521545 -76.326414 ]
		Orientation
			 [ 0.000000 -1.000000 -0.000000 ]
			 [ 0.705654  0.000000 -0.708557 ]
			 [ 0.708557 -0.000000  0.705654 ]
	Point
		DataString "Weapon-1"
		Position [ 195.241723 -3.521545 -64.149228 ]
		Orientation
			 [ 0.000000 -1.000000 -0.000000 ]
			 [ 0.705654  0.000000 -0.708557 ]
			 [ 0.708557 -0.000000  0.705654 ]
	Point
		DataString "Weapon-2"
		Position [ 175.291987 -3.521548 -46.006902 ]
		Orientation
			 [ 0.000000 -1.000000 -0.000000 ]
			 [ 0.705654  0.000000 -0.708557 ]
			 [ 0.708557 -0.000000  0.705654 ]
	Point
		DataString "Weapon-2"
		Position [ 162.307284 -3.521548 -34.380106 ]
		Orientation
			 [ 0.000000 -1.000000 -0.000000 ]
			 [ 0.705654  0.000000 -0.708557 ]
			 [ 0.708557 -0.000000  0.705654 ]
	Point
		DataString "Weapon-2"
		Position [ -162.307433 -3.521550 -34.380124 ]
		Orientation
			 [ 0.000000 -1.000000  0.000000 ]
			 [ 0.749355  0.000000  0.662168 ]
			 [ -0.662168  0.000000  0.749355 ]
	Point
		DataString "Weapon-2"
		Position [ -175.290703 -3.521550 -46.006913 ]
		Orientation
			 [ 0.000000 -1.000000  0.000000 ]
			 [ 0.749355  0.000000  0.662168 ]
			 [ -0.662168  0.000000  0.749355 ]
	Point
		DataString "Weapon-1"
		Position [ -195.241930 -3.521548 -64.149245 ]
		Orientation
			 [ 0.000000 -1.000000  0.000000 ]
			 [ 0.749355  0.000000  0.662168 ]
			 [ -0.662168  0.000000  0.749355 ]
	Point
		DataString "Weapon-1"
		Position [ -207.813916 -3.521548 -76.326438 ]
		Orientation
			 [ 0.000000 -1.000000  0.000000 ]
			 [ 0.749355  0.000000  0.662168 ]
			 [ -0.662168  0.000000  0.749355 ]
	Point
		DataString "Weapon-0"
		Position [ -226.822055 -3.521554 -94.432925 ]
		Orientation
			 [ 0.000000 -1.000000  0.000000 ]
			 [ 0.749355  0.000000  0.662168 ]
			 [ -0.662168  0.000000  0.749355 ]
	Point
		DataString "Weapon-0"
		Position [ -240.276669 -3.521554 -107.454930 ]
		Orientation
			 [ 0.000000 -1.000000  0.000000 ]
			 [ 0.749355  0.000000  0.662168 ]
			 [ -0.662168  0.000000  0.749355 ]
	Point
		DataString "Weapon-2"
		Position [ 105.167480 -3.521556  65.498169 ]
		Orientation
			 [ 0.000000 -1.000000  0.000000 ]
			 [ 0.236625 -0.000000 -0.971601 ]
			 [ 0.971601  0.000000  0.236625 ]
	Point
		DataString "Weapon-2"
		Position [ 100.443264 -3.521556  81.685433 ]
		Orientation
			 [ 0.000000 -1.000000  0.000000 ]
			 [ 0.236625 -0.000000 -0.971601 ]
			 [ 0.971601  0.000000  0.236625 ]
	Point
		DataString "Weapon-1"
		Position [ 94.531109 -3.521550  104.101378 ]
		Orientation
			 [ 0.000000 -1.000000  0.000000 ]
			 [ 0.236625 -0.000000 -0.971601 ]
			 [ 0.971601  0.000000  0.236625 ]
	Point
		DataString "Weapon-1"
		Position [ 90.099034 -3.521550  122.112470 ]
		Orientation
			 [ 0.000000 -1.000000  0.000000 ]
			 [ 0.236625 -0.000000 -0.971601 ]
			 [ 0.971601  0.000000  0.236625 ]
	Point
		DataString "Weapon-0"
		Position [ 83.891975 -3.521561  149.103090 ]
		Orientation
			 [ 0.000000 -1.000000  0.000000 ]
			 [ 0.236625 -0.000000 -0.971601 ]
			 [ 0.971601  0.000000  0.236625 ]
	Point
		DataString "Weapon-0"
		Position [ 80.104894 -3.521561  166.005132 ]
		Orientation
			 [ 0.000000 -1.000000  0.000000 ]
			 [ 0.236625 -0.000000 -0.971601 ]
			 [ 0.971601  0.000000  0.236625 ]
	Point
		DataString "Weapon-2"
		Position [ -105.167922 -3.521559  65.498158 ]
		Orientation
			 [ 0.000000 -1.000000  0.000000 ]
			 [ 0.252367  0.000000  0.967632 ]
			 [ -0.967632  0.000000  0.252367 ]
	Point
		DataString "Weapon-2"
		Position [ -94.531909 -3.521554  104.101378 ]
		Orientation
			 [ 0.000000 -1.000000  0.000000 ]
			 [ 0.252367  0.000000  0.967632 ]
			 [ -0.967632  0.000000  0.252367 ]
	Point
		DataString "Weapon-1"
		Position [ -100.442152 -3.521559  81.685425 ]
		Orientation
			 [ 0.000000 -1.000000  0.000000 ]
			 [ 0.252367  0.000000  0.967632 ]
			 [ -0.967632  0.000000  0.252367 ]
	Point
		DataString "Weapon-1"
		Position [ -90.098213 -3.521554  122.112470 ]
		Orientation
			 [ 0.000000 -1.000000  0.000000 ]
			 [ 0.252367  0.000000  0.967632 ]
			 [ -0.967632  0.000000  0.252367 ]
	Point
		DataString "Weapon-0"
		Position [ -83.891840 -3.521564  149.103090 ]
		Orientation
			 [ 0.000000 -1.000000  0.000000 ]
			 [ 0.252367  0.000000  0.967632 ]
			 [ -0.967632  0.000000  0.252367 ]
	Point
		DataString "Weapon-0"
		Position [ -80.105143 -3.521564  166.005132 ]
		Orientation
			 [ 0.000000 -1.000000  0.000000 ]
			 [ 0.244236  0.000000  0.969716 ]
			 [ -0.969716  0.000000  0.244236 ]
	Point
		DataString "Center"
		Position [ 0.000000  0.000000  0.000000 ]
		Orientation
			 [ -1.000000 -0.000000 -0.000000 ]
			 [ 0.000000 -1.000000 -0.000000 ]
			 [ -0.000000 -0.000000  1.000000 ]
	Point
		DataString "Above"
		Position [ 0.000006  76.204374  0.000000 ]
		Orientation
			 [ -1.000000 -0.000000 -0.000000 ]
			 [ 0.000000 -1.000000 -0.000000 ]
			 [ -0.000000 -0.000000  1.000000 ]
	Point
		DataString "Aura"
		Position [ 0.000006  76.204374  0.000000 ]
		Orientation
			 [ -1.000000 -0.000000 -0.000000 ]
			 [ 0.000000 -1.000000 -0.000000 ]
			 [ -0.000000 -0.000000  1.000000 ]
	NumVertices 3678
	Vertex
		Position [ -44.751522 -9.641307  193.991889 ]
		Normal [ -0.747208 -0.638212 0.185377 ]
		Tangent [ 0.239188 0.000000 0.970973 ]
		Color 0
		U0 0.503195
		V0 0.057761
		U1 0.000000
		V1 0.000000
	Vertex
		Position [ -49.000171  3.828705  176.744677 ]
		Normal [ -0.816777 0.543256 0.194289 ]
		Tangent [ 0.239188 0.000000 0.970973 ]
		Color 0
		U0 0.498130
		V0 0.053762
		U1 0.000000
		V1 0.000000
	Vertex
		Position [ -49.000171 -9.641307  176.744677 ]
		Normal [ -0.749013 -0.638225 0.177901 ]
		Tangent [ 0.239188 0.000000 0.970973 ]
		Color 0
		U0 0.498130
		V0 0.057761
		U1 0.000000
		V1 0.000000
	Vertex
		Position [ -44.751522 -9.641307  193.991889 ]
		Normal [ -0.747208 -0.638212 0.185377 ]
		Tangent [ -0.983662 0.180024 -0.000012 ]
		Color 0
		U0 0.575480
		V0 0.799961
		U1 0.000000
		V1 0.000000
	Vertex
		Position [ -31.039874 -11.917687  199.088804 ]
		Normal [ -0.061041 -0.961800 0.266862 ]
		Tangent [ -0.983662 0.180024 -0.000012 ]
		Color 0
		U0 0.549545
		V0 0.809601
		U1 0.000000
		V1 0.000000
	Vertex
		Position [ -40.454005 -9.641307  211.192419 ]
		Normal [ -0.294724 -0.760751 0.578269 ]
		Tangent [ -0.983662 0.180024 -0.000012 ]
		Color 0
		U0 0.567351
		V0 0.832494
		U1 0.000000
		V1 0.000000
	Vertex
		Position [ -40.454005 -9.641307  211.192419 ]
		Normal [ -0.294724 -0.760751 0.578269 ]
		Tangent [ 0.242397 0.000000 0.970177 ]
		Color 0
		U0 0.508255
		V0 0.057761
		U1 0.000000
		V1 0.000000
	Vertex
		Position [ -40.454005  3.828705  211.192419 ]
		Normal [ -0.369761 0.681324 0.631723 ]
		Tangent [ 0.242397 0.000000 0.970177 ]
		Color 0
		U0 0.508255
		V0 0.053762
		U1 0.000000
		V1 0.000000
	Vertex
		Position [ -40.454005 -9.641307  211.192419 ]
		Normal [ -0.294724 -0.760751 0.578269 ]
		Tangent [ -0.996699 -0.076892 0.026058 ]
		Color 0
		U0 0.361485
		V0 0.739073
		U1 0.000000
		V1 0.000000
	Vertex
		Position [ -31.039874 -11.917687  199.088804 ]
		Normal [ -0.061041 -0.961800 0.266862 ]
		Tangent [ -0.996699 -0.076892 0.026058 ]
		Color 0
		U0 0.343472
		V0 0.715938
		U1 0.000000
		V1 0.000000
	Vertex
		Position [ -24.473248 -9.641307  205.906039 ]
		Normal [ 0.230025 -0.391926 0.890776 ]
		Tangent [ -0.996699 -0.076892 0.026058 ]
		Color 0
		U0 0.331098
		V0 0.729574
		U1 0.000000
		V1 0.000000
	Vertex
		Position [ -40.454005 -9.641307  211.192419 ]
		Normal [ -0.294724 -0.760751 0.578269 ]
		Tangent [ 0.949403 0.000000 -0.314059 ]
		Color 0
		U0 0.040809
		V0 0.411704
		U1 0.000000
		V1 0.000000
	Vertex
		Position [ -24.473248 -9.641307  205.906039 ]
		Normal [ 0.230025 -0.391926 0.890776 ]
		Tangent [ 0.949403 0.000000 -0.314059 ]
		Color 0
		U0 0.072646
		V0 0.411704
		U1 0.000000
		V1 0.000000
	Vertex
		Position [ -40.454005  3.828705  211.192419 ]
		Normal [ -0.369761 0.681324 0.631723 ]
		Tangent [ 0.949403 0.000000 -0.314059 ]
		Color 0
		U0 0.040809
		V0 0.386226
		U1 0.000000
		V1 0.000000
	Vertex
		Position [ 39.550438 -9.641307  210.884122 ]
		Normal [ 0.372228 -0.679396 0.632351 ]
		Tangent [ -0.983683 -0.179913 -0.000065 ]
		Color 0
		U0 0.416029
		V0 0.831908
		U1 0.000000
		V1 0.000000
	Vertex
		Position [ 32.201864 -11.917687  190.706795 ]
		Normal [ 0.248267 -0.966687 0.062290 ]
		Tangent [ -0.983683 -0.179913 -0.000065 ]
		Color 0
		U0 0.429929
		V0 0.793745
		U1 0.000000
		V1 0.000000
	Vertex
		Position [ 43.906346 -9.641307  193.643447 ]
		Normal [ 0.746716 -0.638212 0.187351 ]
		Tangent [ -0.983683 -0.179913 -0.000065 ]
		Color 0
		U0 0.407791
		V0 0.799298
		U1 0.000000
		V1 0.000000
	Vertex
		Position [ 39.550438 -9.641307  210.884122 ]
		Normal [ 0.372228 -0.679396 0.632351 ]
		Tangent [ -0.996842 0.073911 -0.029045 ]
		Color 0
		U0 0.209671
		V0 0.738233
		U1 0.000000
		V1 0.000000
	Vertex
		Position [ 23.529417 -9.641307  205.721072 ]
		Normal [ -0.192679 -0.606510 0.771376 ]
		Tangent [ -0.996842 0.073911 -0.029045 ]
		Color 0
		U0 0.240161
		V0 0.729071
		U1 0.000000
		V1 0.000000
	Vertex
		Position [ 30.143692 -11.917687  198.853033 ]
		Normal [ 0.063164 -0.965945 0.250918 ]
		Tangent [ -0.996842 0.073911 -0.029045 ]
		Color 0
		U0 0.227749
		V0 0.715296
		U1 0.000000
		V1 0.000000
	Vertex
		Position [ 39.550438 -9.641307  210.884122 ]
		Normal [ 0.372228 -0.679396 0.632351 ]
		Tangent [ 0.951796 0.000000 0.306732 ]
		Color 0
		U0 0.196301
		V0 0.411704
		U1 0.000000
		V1 0.000000
	Vertex
		Position [ 23.529417  3.828705  205.721072 ]
		Normal [ -0.223130 0.392102 0.892451 ]
		Tangent [ 0.951796 0.000000 0.306732 ]
		Color 0
		U0 0.164464
		V0 0.386226
		U1 0.000000
		V1 0.000000
	Vertex
		Position [ 23.529417 -9.641307  205.721072 ]
		Normal [ -0.192679 -0.606510 0.771376 ]
		Tangent [ 0.951796 0.000000 0.306732 ]
		Color 0
		U0 0.164464
		V0 0.411704
		U1 0.000000
		V1 0.000000
	Vertex
		Position [ 43.906346 -9.641307  193.643447 ]
		Normal [ 0.746716 -0.638212 0.187351 ]
		Tangent [ 0.244956 0.000000 -0.969534 ]
		Color 0
		U0 0.386569
		V0 0.057761
		U1 0.000000
		V1 0.000000
	Vertex
		Position [ 43.906346  3.828705  193.643447 ]
		Normal [ 0.746716 0.638212 0.187351 ]
		Tangent [ 0.244956 0.000000 -0.969534 ]
		Color 0
		U0 0.386569
		V0 0.053762
		U1 0.000000
		V1 0.000000
	Vertex
		Position [ 39.550438 -9.641307  210.884122 ]
		Normal [ 0.372228 -0.679396 0.632351 ]
		Tangent [ 0.244956 0.000000 -0.969534 ]
		Color 0
		U0 0.381289
		V0 0.057761
		U1 0.000000
		V1 0.000000
	Vertex
		Position [ 48.213482 -9.641307  176.356083 ]
		Normal [ 0.748535 -0.638225 0.179902 ]
		Tangent [ -0.983656 -0.180056 -0.000055 ]
		Color 0
		U0 0.399645
		V0 0.766601
		U1 0.000000
		V1 0.000000
	Vertex
		Position [ 48.213482 -9.641307  176.356083 ]
		Normal [ 0.748535 -0.638225 0.179902 ]
		Tangent [ 0.241759 0.000000 -0.970336 ]
		Color 0
		U0 0.391858
		V0 0.057761
		U1 0.000000
		V1 0.000000
	Vertex
		Position [ 40.489095 -11.917687  156.222547 ]
		Normal [ 0.249558 -0.966687 0.056893 ]
		Tangent [ -0.983529 -0.180752 -0.000012 ]
		Color 0
		U0 0.414256
		V0 0.728520
		U1 0.000000
		V1 0.000000
	Vertex
		Position [ 52.254550 -9.641307  158.904778 ]
		Normal [ 0.750601 -0.638214 0.171118 ]
		Tangent [ -0.983529 -0.180752 -0.000012 ]
		Color 0
		U0 0.392002
		V0 0.733593
		U1 0.000000
		V1 0.000000
	Vertex
		Position [ 52.254550 -9.641307  158.904778 ]
		Normal [ 0.750601 -0.638214 0.171118 ]
		Tangent [ 0.225593 0.000000 -0.974222 ]
		Color 0
		U0 0.397176
		V0 0.057761
		U1 0.000000
		V1 0.000000
	Vertex
		Position [ 52.254550  3.828705  158.904778 ]
		Normal [ 0.750601 0.638214 0.171118 ]
		Tangent [ 0.225593 0.000000 -0.974222 ]
		Color 0
		U0 0.397176
		V0 0.053762
		U1 0.000000
		V1 0.000000
	Vertex
		Position [ 56.175874 -9.641307  141.429541 ]
		Normal [ 0.750937 -0.638212 0.169644 ]
		Tangent [ -0.983479 -0.181023 -0.000010 ]
		Color 0
		U0 0.384586
		V0 0.700540
		U1 0.000000
		V1 0.000000
	Vertex
		Position [ 56.175874 -9.641307  141.429541 ]
		Normal [ 0.750937 -0.638212 0.169644 ]
		Tangent [ 0.218949 0.000000 -0.975736 ]
		Color 0
		U0 0.402493
		V0 0.057761
		U1 0.000000
		V1 0.000000
	Vertex
		Position [ 48.377301 -11.917687  121.305165 ]
		Normal [ 0.249145 -0.966689 0.058651 ]
		Tangent [ -0.983499 -0.180911 -0.000055 ]
		Color 0
		U0 0.399337
		V0 0.662477
		U1 0.000000
		V1 0.000000
	Vertex
		Position [ 60.123799 -9.641307  124.070417 ]
		Normal [ 0.749368 -0.638223 0.176409 ]
		Tangent [ -0.983499 -0.180911 -0.000055 ]
		Color 0
		U0 0.377120
		V0 0.667706
		U1 0.000000
		V1 0.000000
	Vertex
		Position [ 60.123799 -9.641307  124.070417 ]
		Normal [ 0.749368 -0.638223 0.176409 ]
		Tangent [ 0.221764 0.000000 -0.975100 ]
		Color 0
		U0 0.407778
		V0 0.057761
		U1 0.000000
		V1 0.000000
	Vertex
		Position [ 60.123799  3.828705  124.070417 ]
		Normal [ 0.749367 0.638223 0.176409 ]
		Tangent [ 0.221764 0.000000 -0.975100 ]
		Color 0
		U0 0.407778
		V0 0.053762
		U1 0.000000
		V1 0.000000
	Vertex
		Position [ 64.320115 -9.641307  106.831721 ]
		Normal [ 0.745423 -0.638247 0.192316 ]
		Tangent [ -0.983614 -0.180288 -0.000047 ]
		Color 0
		U0 0.369183
		V0 0.635101
		U1 0.000000
		V1 0.000000
	Vertex
		Position [ 64.320115 -9.641307  106.831721 ]
		Normal [ 0.745423 -0.638247 0.192316 ]
		Tangent [ 0.236518 0.000000 -0.971627 ]
		Color 0
		U0 0.413045
		V0 0.057761
		U1 0.000000
		V1 0.000000
	Vertex
		Position [ 57.372797 -11.917683  86.439068 ]
		Normal [ 0.246325 -0.966689 0.069540 ]
		Tangent [ -0.983839 -0.179056 -0.000016 ]
		Color 0
		U0 0.382324
		V0 0.596530
		U1 0.000000
		V1 0.000000
	Vertex
		Position [ 68.986600 -9.641307  89.717734 ]
		Normal [ 0.740891 -0.638227 0.209159 ]
		Tangent [ -0.983839 -0.179056 -0.000016 ]
		Color 0
		U0 0.360358
		V0 0.602731
		U1 0.000000
		V1 0.000000
	Vertex
		Position [ 68.986600 -9.641307  89.717734 ]
		Normal [ 0.740891 -0.638227 0.209159 ]
		Tangent [ 0.263067 0.000000 -0.964778 ]
		Color 0
		U0 0.418311
		V0 0.057761
		U1 0.000000
		V1 0.000000
	Vertex
		Position [ 68.986600  3.828705  89.717734 ]
		Normal [ 0.740891 0.638227 0.209159 ]
		Tangent [ 0.263067 0.000000 -0.964778 ]
		Color 0
		U0 0.418311
		V0 0.053762
		U1 0.000000
		V1 0.000000
	Vertex
		Position [ 73.999388 -9.641307  72.550302 ]
		Normal [ 0.738110 -0.638215 0.218803 ]
		Tangent [ -0.983997 -0.178182 -0.000015 ]
		Color 0
		U0 0.350877
		V0 0.570260
		U1 0.000000
		V1 0.000000
	Vertex
		Position [ 73.999388 -9.641307  72.550302 ]
		Normal [ 0.738110 -0.638215 0.218803 ]
		Tangent [ 0.280290 0.000000 -0.959915 ]
		Color 0
		U0 0.423621
		V0 0.057761
		U1 0.000000
		V1 0.000000
	Vertex
		Position [ 67.751643 -11.917683  51.433241 ]
		Normal [ 0.243466 -0.966701 0.078830 ]
		Tangent [ -0.984073 -0.177765 -0.000012 ]
		Color 0
		U0 0.362695
		V0 0.530319
		U1 0.000000
		V1 0.000000
	Vertex
		Position [ 79.234603 -9.641307  55.151234 ]
		Normal [ 0.732361 -0.638294 0.237126 ]
		Tangent [ -0.984073 -0.177765 -0.000012 ]
		Color 0
		U0 0.340976
		V0 0.537351
		U1 0.000000
		V1 0.000000
	Vertex
		Position [ 79.234603 -9.641307  55.151234 ]
		Normal [ 0.732361 -0.638294 0.237126 ]
		Tangent [ 0.288130 0.000000 -0.957591 ]
		Color 0
		U0 0.429015
		V0 0.057761
		U1 0.000000
		V1 0.000000
	Vertex
		Position [ 79.234603  3.828705  55.151234 ]
		Normal [ 0.732361 0.638294 0.237126 ]
		Tangent [ 0.288130 0.000000 -0.957591 ]
		Color 0
		U0 0.429015
		V0 0.053762
		U1 0.000000
		V1 0.000000
	Vertex
		Position [ 85.303005 -9.641307  37.662392 ]
		Normal [ 0.717458 -0.638462 0.278603 ]
		Tangent [ -0.984488 -0.175453 -0.000013 ]
		Color 0
		U0 0.329499
		V0 0.504272
		U1 0.000000
		V1 0.000000
	Vertex
		Position [ 85.303005 -9.641307  37.662392 ]
		Normal [ 0.717458 -0.638462 0.278603 ]
		Tangent [ 0.327814 0.000000 -0.944742 ]
		Color 0
		U0 0.434510
		V0 0.057761
		U1 0.000000
		V1 0.000000
	Vertex
		Position [ 81.916164 -11.917683  15.025686 ]
		Normal [ 0.230858 -0.966733 0.110141 ]
		Tangent [ -0.985322 -0.170704 -0.000011 ]
		Color 0
		U0 0.335905
		V0 0.461457
		U1 0.000000
		V1 0.000000
	Vertex
		Position [ 92.815392 -9.641307  20.225663 ]
		Normal [ 0.694624 -0.638490 0.331403 ]
		Tangent [ -0.985322 -0.170704 -0.000011 ]
		Color 0
		U0 0.315290
		V0 0.471292
		U1 0.000000
		V1 0.000000
	Vertex
		Position [ 92.815392 -9.641307  20.225663 ]
		Normal [ 0.694624 -0.638490 0.331403 ]
		Tangent [ 0.395676 0.000000 -0.918390 ]
		Color 0
		U0 0.440147
		V0 0.057761
		U1 0.000000
		V1 0.000000
	Vertex
		Position [ 92.815392  3.828705  20.225663 ]
		Normal [ 0.694624 0.638490 0.331402 ]
		Tangent [ 0.395676 0.000000 -0.918390 ]
		Color 0
		U0 0.440147
		V0 0.053762
		U1 0.000000
		V1 0.000000
	Vertex
		Position [ 101.745582 -9.641307  3.218382 ]
		Normal [ 0.665789 -0.638544 0.385988 ]
		Tangent [ -0.986337 -0.164737 -0.000026 ]
		Color 0
		U0 0.298400
		V0 0.439123
		U1 0.000000
		V1 0.000000
	Vertex
		Position [ 101.745582 -9.641307  3.218382 ]
		Normal [ 0.665789 -0.638544 0.385988 ]
		Tangent [ 0.464890 0.000000 -0.885369 ]
		Color 0
		U0 0.445850
		V0 0.057761
		U1 0.000000
		V1 0.000000
	Vertex
		Position [ 102.139100 -11.917683 -19.856789 ]
		Normal [ 0.210293 -0.966733 0.145614 ]
		Tangent [ -0.987579 -0.157121 -0.000036 ]
		Color 0
		U0 0.297657
		V0 0.395479
		U1 0.000000
		V1 0.000000
	Vertex
		Position [ 112.067422 -9.641307 -12.982098 ]
		Normal [ 0.632747 -0.638490 0.438134 ]
		Tangent [ -0.987579 -0.157121 -0.000036 ]
		Color 0
		U0 0.278878
		V0 0.408481
		U1 0.000000
		V1 0.000000
	Vertex
		Position [ 112.067422 -9.641307 -12.982098 ]
		Normal [ 0.632747 -0.638490 0.438134 ]
		Tangent [ 0.537337 0.000000 -0.843368 ]
		Color 0
		U0 0.451553
		V0 0.057761
		U1 0.000000
		V1 0.000000
	Vertex
		Position [ 112.067422  3.828705 -12.982098 ]
		Normal [ 0.632747 0.638490 0.438134 ]
		Tangent [ 0.537337 0.000000 -0.843368 ]
		Color 0
		U0 0.451553
		V0 0.053762
		U1 0.000000
		V1 0.000000
	Vertex
		Position [ 123.466433 -9.641307 -28.165570 ]
		Normal [ 0.598273 -0.638462 0.484186 ]
		Tangent [ -0.988811 -0.149174 -0.000028 ]
		Color 0
		U0 0.257318
		V0 0.379763
		U1 0.000000
		V1 0.000000
	Vertex
		Position [ 123.466433 -9.641307 -28.165570 ]
		Normal [ 0.598273 -0.638462 0.484186 ]
		Tangent [ 0.600385 0.000000 -0.799711 ]
		Color 0
		U0 0.457189
		V0 0.057761
		U1 0.000000
		V1 0.000000
	Vertex
		Position [ 126.695892 -11.917683 -50.239475 ]
		Normal [ 0.189386 -0.966701 0.172114 ]
		Tangent [ -0.990037 -0.140807 -0.000044 ]
		Color 0
		U0 0.251211
		V0 0.338012
		U1 0.000000
		V1 0.000000
	Vertex
		Position [ 135.628173 -9.641307 -42.121835 ]
		Normal [ 0.569683 -0.638294 0.517727 ]
		Tangent [ -0.990037 -0.140808 -0.000044 ]
		Color 0
		U0 0.234316
		V0 0.353365
		U1 0.000000
		V1 0.000000
	Vertex
		Position [ 135.628173 -9.641307 -42.121835 ]
		Normal [ 0.569683 -0.638294 0.517727 ]
		Tangent [ 0.656974 0.000000 -0.753913 ]
		Color 0
		U0 0.462685
		V0 0.057761
		U1 0.000000
		V1 0.000000
	Vertex
		Position [ 135.628173  3.828707 -42.121835 ]
		Normal [ 0.569683 0.638294 0.517727 ]
		Tangent [ 0.656974 0.000000 -0.753913 ]
		Color 0
		U0 0.462685
		V0 0.053762
		U1 0.000000
		V1 0.000000
	Vertex
		Position [ 148.126011 -9.641305 -55.310435 ]
		Normal [ 0.556639 -0.638215 0.531822 ]
		Tangent [ -0.990755 -0.135666 -0.000042 ]
		Color 0
		U0 0.210678
		V0 0.328419
		U1 0.000000
		V1 0.000000
	Vertex
		Position [ 148.126011 -9.641305 -55.310435 ]
		Normal [ 0.556639 -0.638215 0.531822 ]
		Tangent [ 0.687843 0.000000 -0.725860 ]
		Color 0
		U0 0.468079
		V0 0.057761
		U1 0.000000
		V1 0.000000
	Vertex
		Position [ 151.917306 -11.917683 -76.640398 ]
		Normal [ 0.182744 -0.966689 0.179211 ]
		Tangent [ -0.990897 -0.134626 -0.000008 ]
		Color 0
		U0 0.203508
		V0 0.288076
		U1 0.000000
		V1 0.000000
	Vertex
		Position [ 160.533352 -9.641305 -68.190911 ]
		Normal [ 0.549652 -0.638227 0.539026 ]
		Tangent [ -0.990897 -0.134626 -0.000008 ]
		Color 0
		U0 0.187211
		V0 0.304057
		U1 0.000000
		V1 0.000000
	Vertex
		Position [ 160.533352 -9.641305 -68.190911 ]
		Normal [ 0.549652 -0.638227 0.539026 ]
		Tangent [ 0.693755 0.000000 -0.720211 ]
		Color 0
		U0 0.473388
		V0 0.057761
		U1 0.000000
		V1 0.000000
	Vertex
		Position [ 160.533352  3.828707 -68.190911 ]
		Normal [ 0.549652 0.638227 0.539026 ]
		Tangent [ 0.693755 0.000000 -0.720211 ]
		Color 0
		U0 0.473388
		V0 0.053762
		U1 0.000000
		V1 0.000000
	Vertex
		Position [ 173.066382 -9.641305 -80.744307 ]
		Normal [ 0.537287 -0.638247 0.551329 ]
		Tangent [ -0.991206 -0.132329 -0.000042 ]
		Color 0
		U0 0.163506
		V0 0.280312
		U1 0.000000
		V1 0.000000
	Vertex
		Position [ 173.066382 -9.641305 -80.744307 ]
		Normal [ 0.537287 -0.638247 0.551329 ]
		Tangent [ 0.706532 0.000000 -0.707681 ]
		Color 0
		U0 0.478655
		V0 0.057761
		U1 0.000000
		V1 0.000000
	Vertex
		Position [ 177.704820 -11.917683 -101.771395 ]
		Normal [ 0.174696 -0.966689 0.187068 ]
		Tangent [ -0.991682 -0.128712 0.000010 ]
		Color 0
		U0 0.154734
		V0 0.240541
		U1 0.000000
		V1 0.000000
	Vertex
		Position [ 185.941270 -9.641305 -92.951646 ]
		Normal [ 0.525443 -0.638223 0.562656 ]
		Tangent [ -0.991682 -0.128712 0.000010 ]
		Color 0
		U0 0.139155
		V0 0.257223
		U1 0.000000
		V1 0.000000
	Vertex
		Position [ 185.941270 -9.641305 -92.951646 ]
		Normal [ 0.525443 -0.638223 0.562656 ]
		Tangent [ 0.725669 0.000000 -0.688044 ]
		Color 0
		U0 0.483922
		V0 0.057761
		U1 0.000000
		V1 0.000000
	Vertex
		Position [ 185.941270  3.828707 -92.951646 ]
		Normal [ 0.525443 0.638223 0.562656 ]
		Tangent [ 0.725669 0.000000 -0.688044 ]
		Color 0
		U0 0.483922
		V0 0.053762
		U1 0.000000
		V1 0.000000
	Vertex
		Position [ 199.044077 -9.641305 -105.003268 ]
		Normal [ 0.520352 -0.638212 0.567379 ]
		Tangent [ -0.991944 -0.126675 -0.000002 ]
		Color 0
		U0 0.114372
		V0 0.234428
		U1 0.000000
		V1 0.000000
	Vertex
		Position [ 199.044077 -9.641305 -105.003268 ]
		Normal [ 0.520352 -0.638212 0.567379 ]
		Tangent [ 0.736014 0.000000 -0.676966 ]
		Color 0
		U0 0.489207
		V0 0.057761
		U1 0.000000
		V1 0.000000
	Vertex
		Position [ 204.087052 -11.917683 -125.966957 ]
		Normal [ 0.173375 -0.966687 0.188300 ]
		Tangent [ -0.991993 -0.126290 -0.000048 ]
		Color 0
		U0 0.104835
		V0 0.194777
		U1 0.000000
		V1 0.000000
	Vertex
		Position [ 212.260858 -9.641305 -117.089506 ]
		Normal [ 0.521464 -0.638214 0.566355 ]
		Tangent [ -0.991993 -0.126290 -0.000048 ]
		Color 0
		U0 0.089374
		V0 0.211567
		U1 0.000000
		V1 0.000000
	Vertex
		Position [ 212.260858 -9.641305 -117.089506 ]
		Normal [ 0.521464 -0.638214 0.566355 ]
		Tangent [ 0.737964 0.000000 -0.674840 ]
		Color 0
		U0 0.494524
		V0 0.057761
		U1 0.000000
		V1 0.000000
	Vertex
		Position [ 212.260858  3.828707 -117.089506 ]
		Normal [ 0.521464 0.638214 0.566355 ]
		Tangent [ 0.737964 0.000000 -0.674840 ]
		Color 0
		U0 0.494524
		V0 0.053762
		U1 0.000000
		V1 0.000000
	Vertex
		Position [ 225.397397 -9.641305 -129.267772 ]
		Normal [ 0.528060 -0.638225 0.560198 ]
		Tangent [ -0.991875 -0.127213 -0.000047 ]
		Color 0
		U0 0.064528
		V0 0.188532
		U1 0.000000
		V1 0.000000
	Vertex
		Position [ 225.397397 -9.641305 -129.267772 ]
		Normal [ 0.528060 -0.638225 0.560198 ]
		Tangent [ 0.733348 0.000000 -0.679853 ]
		Color 0
		U0 0.499842
		V0 0.057761
		U1 0.000000
		V1 0.000000
	Vertex
		Position [ 229.895145 -11.917683 -150.293588 ]
		Normal [ 0.177417 -0.966687 0.184499 ]
		Tangent [ -0.991588 -0.129436 -0.000027 ]
		Color 0
		U0 0.056022
		V0 0.148764
		U1 0.000000
		V1 0.000000
	Vertex
		Position [ 238.259445 -9.641305 -141.595468 ]
		Normal [ 0.533621 -0.638212 0.554918 ]
		Tangent [ -0.991588 -0.129436 -0.000027 ]
		Color 0
		U0 0.040201
		V0 0.165215
		U1 0.000000
		V1 0.000000
	Vertex
		Position [ 238.259445 -9.641305 -141.595468 ]
		Normal [ 0.533621 -0.638212 0.554918 ]
		Tangent [ 0.721944 0.000000 -0.691951 ]
		Color 0
		U0 0.505131
		V0 0.057761
		U1 0.000000
		V1 0.000000
	Vertex
		Position [ 238.259445  3.828707 -141.595468 ]
		Normal [ 0.533621 0.638212 0.554918 ]
		Tangent [ 0.721944 0.000000 -0.691951 ]
		Color 0
		U0 0.505131
		V0 0.053762
		U1 0.000000
		V1 0.000000
	Vertex
		Position [ 251.056729 -9.641305 -153.942280 ]
		Normal [ 0.732189 -0.681080 0.005326 ]
		Tangent [ -0.991531 -0.129873 -0.000025 ]
		Color 0
		U0 0.015997
		V0 0.141862
		U1 0.000000
		V1 0.000000
	Vertex
		Position [ 251.056729 -9.641305 -153.942280 ]
		Normal [ 0.732189 -0.681080 0.005326 ]
		Tangent [ 0.719660 0.000000 -0.694327 ]
		Color 0
		U0 0.510410
		V0 0.057761
		U1 0.000000
		V1 0.000000
	Vertex
		Position [ 251.056729 -9.641305 -153.942280 ]
		Normal [ 0.732189 -0.681080 0.005326 ]
		Tangent [ 0.532427 -0.073126 0.843311 ]
		Color 0
		U0 0.361288
		V0 0.737782
		U1 0.000000
		V1 0.000000
	Vertex
		Position [ 235.889974 -11.917683 -156.077387 ]
		Normal [ 0.248349 -0.966018 -0.071634 ]
		Tangent [ 0.532427 -0.073126 0.843311 ]
		Color 0
		U0 0.342923
		V0 0.714967
		U1 0.000000
		V1 0.000000
	Vertex
		Position [ 238.582906 -9.641305 -165.098055 ]
		Normal [ 0.568937 -0.606077 -0.555860 ]
		Tangent [ 0.532427 -0.073126 0.843311 ]
		Color 0
		U0 0.330932
		V0 0.728816
		U1 0.000000
		V1 0.000000
	Vertex
		Position [ 251.056729 -9.641305 -153.942280 ]
		Normal [ 0.732189 -0.681080 0.005326 ]
		Tangent [ -0.745390 0.000000 -0.666629 ]
		Color 0
		U0 0.041283
		V0 0.411704
		U1 0.000000
		V1 0.000000
	Vertex
		Position [ 238.582906  3.828707 -165.098055 ]
		Normal [ 0.657939 0.391852 -0.643093 ]
		Tangent [ -0.745390 0.000000 -0.666629 ]
		Color 0
		U0 0.072935
		V0 0.386226
		U1 0.000000
		V1 0.000000
	Vertex
		Position [ 251.056729  3.828707 -153.942280 ]
		Normal [ 0.648494 0.760501 -0.033073 ]
		Tangent [ -0.745390 0.000000 -0.666628 ]
		Color 0
		U0 0.041283
		V0 0.386226
		U1 0.000000
		V1 0.000000
	Vertex
		Position [ 211.311507 -9.641305 -222.783025 ]
		Normal [ 0.352889 -0.760501 -0.545076 ]
		Tangent [ -0.998647 0.052011 -0.000007 ]
		Color 0
		U0 0.091174
		V0 0.011657
		U1 0.000000
		V1 0.000000
	Vertex
		Position [ 205.577196 -11.917683 -208.580677 ]
		Normal [ 0.200181 -0.961737 -0.187052 ]
		Tangent [ -0.998647 0.052011 -0.000007 ]
		Color 0
		U0 0.102020
		V0 0.038520
		U1 0.000000
		V1 0.000000
	Vertex
		Position [ 194.220198 -9.641305 -217.873663 ]
		Normal [ -0.213762 -0.638212 -0.739588 ]
		Tangent [ -0.998647 0.052011 -0.000007 ]
		Color 0
		U0 0.123501
		V0 0.020943
		U1 0.000000
		V1 0.000000
	Vertex
		Position [ 211.311507 -9.641305 -222.783025 ]
		Normal [ 0.352889 -0.760501 -0.545076 ]
		Tangent [ 0.484325 0.079037 0.871311 ]
		Color 0
		U0 0.210452
		V0 0.739591
		U1 0.000000
		V1 0.000000
	Vertex
		Position [ 214.735789 -9.641305 -206.402504 ]
		Normal [ 0.885904 -0.391852 -0.248245 ]
		Tangent [ 0.484325 0.079037 0.871311 ]
		Color 0
		U0 0.240584
		V0 0.729900
		U1 0.000000
		V1 0.000000
	Vertex
		Position [ 205.577196 -11.917683 -208.580677 ]
		Normal [ 0.200181 -0.961737 -0.187052 ]
		Tangent [ 0.484325 0.079037 0.871311 ]
		Color 0
		U0 0.228263
		V0 0.716342
		U1 0.000000
		V1 0.000000
	Vertex
		Position [ 194.220198 -9.641305 -217.873663 ]
		Normal [ -0.213762 -0.638212 -0.739588 ]
		Tangent [ -0.961135 0.000000 0.276079 ]
		Color 0
		U0 0.386569
		V0 0.057761
		U1 0.000000
		V1 0.000000
	Vertex
		Position [ 211.311507  3.828707 -222.783025 ]
		Normal [ 0.361482 0.681080 -0.636758 ]
		Tangent [ -0.961135 0.000000 0.276079 ]
		Color 0
		U0 0.381289
		V0 0.053762
		U1 0.000000
		V1 0.000000
	Vertex
		Position [ 211.311507 -9.641305 -222.783025 ]
		Normal [ 0.352889 -0.760501 -0.545076 ]
		Tangent [ -0.961135 0.000000 0.276079 ]
		Color 0
		U0 0.381289
		V0 0.057761
		U1 0.000000
		V1 0.000000
	Vertex
		Position [ 180.579146 -11.917683 -201.339466 ]
		Normal [ -0.073515 -0.966689 -0.245169 ]
		Tangent [ -0.998615 0.052611 -0.000038 ]
		Color 0
		U0 0.149301
		V0 0.052217
		U1 0.000000
		V1 0.000000
	Vertex
		Position [ 177.113078 -9.641305 -212.898654 ]
		Normal [ -0.221116 -0.638225 -0.737412 ]
		Tangent [ -0.998615 0.052611 -0.000038 ]
		Color 0
		U0 0.155857
		V0 0.030354
		U1 0.000000
		V1 0.000000
	Vertex
		Position [ 177.113078 -9.641305 -212.898654 ]
		Normal [ -0.221116 -0.638225 -0.737412 ]
		Tangent [ -0.960219 -0.000000 0.279246 ]
		Color 0
		U0 0.391858
		V0 0.057761
		U1 0.000000
		V1 0.000000
	Vertex
		Position [ 177.113078  3.828707 -212.898654 ]
		Normal [ -0.221116 0.638225 -0.737412 ]
		Tangent [ -0.960219 -0.000000 0.279246 ]
		Color 0
		U0 0.391858
		V0 0.053762
		U1 0.000000
		V1 0.000000
	Vertex
		Position [ 159.998142 -9.641305 -207.611201 ]
		Normal [ -0.229746 -0.638214 -0.734779 ]
		Tangent [ -0.998453 0.055597 -0.000010 ]
		Color 0
		U0 0.188228
		V0 0.040355
		U1 0.000000
		V1 0.000000
	Vertex
		Position [ 159.998142 -9.641305 -207.611201 ]
		Normal [ -0.229746 -0.638214 -0.734779 ]
		Tangent [ -0.955444 0.000000 0.295173 ]
		Color 0
		U0 0.397176
		V0 0.057761
		U1 0.000000
		V1 0.000000
	Vertex
		Position [ 146.546557 -11.917683 -190.697960 ]
		Normal [ -0.076865 -0.966687 -0.244148 ]
		Tangent [ -0.998384 0.056822 -0.000032 ]
		Color 0
		U0 0.213670
		V0 0.072345
		U1 0.000000
		V1 0.000000
	Vertex
		Position [ 142.922767 -9.641305 -202.208260 ]
		Normal [ -0.231189 -0.638212 -0.734328 ]
		Tangent [ -0.998384 0.056822 -0.000032 ]
		Color 0
		U0 0.220525
		V0 0.050575
		U1 0.000000
		V1 0.000000
	Vertex
		Position [ 142.922767 -9.641305 -202.208260 ]
		Normal [ -0.231189 -0.638212 -0.734328 ]
		Tangent [ -0.953411 0.000000 0.301675 ]
		Color 0
		U0 0.402493
		V0 0.057761
		U1 0.000000
		V1 0.000000
	Vertex
		Position [ 142.922767  3.828707 -202.208260 ]
		Normal [ -0.231189 0.638212 -0.734327 ]
		Tangent [ -0.953411 0.000000 0.301675 ]
		Color 0
		U0 0.402493
		V0 0.053762
		U1 0.000000
		V1 0.000000
	Vertex
		Position [ 125.934341 -9.641307 -196.886700 ]
		Normal [ -0.224553 -0.638223 -0.736375 ]
		Tangent [ -0.998414 0.056305 -0.000029 ]
		Color 0
		U0 0.252657
		V0 0.060641
		U1 0.000000
		V1 0.000000
	Vertex
		Position [ 125.934341 -9.641307 -196.886700 ]
		Normal [ -0.224553 -0.638223 -0.736375 ]
		Tangent [ -0.954277 -0.000000 0.298924 ]
		Color 0
		U0 0.407778
		V0 0.057761
		U1 0.000000
		V1 0.000000
	Vertex
		Position [ 112.198650 -11.917683 -180.224498 ]
		Normal [ -0.069425 -0.966693 -0.246344 ]
		Tangent [ -0.998564 0.053580 -0.000017 ]
		Color 0
		U0 0.278636
		V0 0.092156
		U1 0.000000
		V1 0.000000
	Vertex
		Position [ 108.925034 -9.641307 -191.840400 ]
		Normal [ -0.208821 -0.638247 -0.740969 ]
		Tangent [ -0.998564 0.053580 -0.000017 ]
		Color 0
		U0 0.284828
		V0 0.070186
		U1 0.000000
		V1 0.000000
	Vertex
		Position [ 108.925034 -9.641307 -191.840400 ]
		Normal [ -0.208821 -0.638247 -0.740969 ]
		Tangent [ -0.958698 0.000000 0.284425 ]
		Color 0
		U0 0.413045
		V0 0.057761
		U1 0.000000
		V1 0.000000
	Vertex
		Position [ 108.925034  3.828705 -191.840400 ]
		Normal [ -0.208821 0.638247 -0.740968 ]
		Tangent [ -0.958698 0.000000 0.284425 ]
		Color 0
		U0 0.413045
		V0 0.053762
		U1 0.000000
		V1 0.000000
	Vertex
		Position [ 91.786962 -9.641307 -187.263187 ]
		Normal [ -0.191984 -0.638227 -0.745526 ]
		Tangent [ -0.998817 0.048622 -0.000022 ]
		Color 0
		U0 0.317243
		V0 0.078844
		U1 0.000000
		V1 0.000000
	Vertex
		Position [ 91.786962 -9.641307 -187.263187 ]
		Normal [ -0.191984 -0.638227 -0.745526 ]
		Tangent [ -0.966136 0.000000 0.258034 ]
		Color 0
		U0 0.418311
		V0 0.057761
		U1 0.000000
		V1 0.000000
	Vertex
		Position [ 77.285217 -11.917683 -171.234019 ]
		Normal [ -0.060594 -0.966687 -0.248684 ]
		Tangent [ -0.998971 0.045363 -0.000018 ]
		Color 0
		U0 0.344672
		V0 0.109163
		U1 0.000000
		V1 0.000000
	Vertex
		Position [ 74.428471 -9.641307 -182.958354 ]
		Normal [ -0.182251 -0.638215 -0.747975 ]
		Tangent [ -0.998971 0.045363 -0.000018 ]
		Color 0
		U0 0.350075
		V0 0.086987
		U1 0.000000
		V1 0.000000
	Vertex
		Position [ 74.428471 -9.641307 -182.958354 ]
		Normal [ -0.182251 -0.638215 -0.747975 ]
		Tangent [ -0.970598 -0.000000 0.240704 ]
		Color 0
		U0 0.423621
		V0 0.057761
		U1 0.000000
		V1 0.000000
	Vertex
		Position [ 74.428471  3.828705 -182.958354 ]
		Normal [ -0.182251 0.638215 -0.747975 ]
		Tangent [ -0.970598 -0.000000 0.240704 ]
		Color 0
		U0 0.423621
		V0 0.053762
		U1 0.000000
		V1 0.000000
	Vertex
		Position [ 56.757880 -9.641307 -178.729201 ]
		Normal [ -0.163524 -0.638294 -0.752224 ]
		Tangent [ -0.999037 0.043869 -0.000021 ]
		Color 0
		U0 0.383497
		V0 0.094987
		U1 0.000000
		V1 0.000000
	Vertex
		Position [ 56.757880 -9.641307 -178.729201 ]
		Normal [ -0.163524 -0.638294 -0.752224 ]
		Tangent [ -0.972534 0.000000 0.232759 ]
		Color 0
		U0 0.429015
		V0 0.057761
		U1 0.000000
		V1 0.000000
	Vertex
		Position [ 40.476082 -11.917687 -163.247829 ]
		Normal [ -0.039944 -0.966729 -0.252666 ]
		Tangent [ -0.999345 0.036198 -0.000016 ]
		Color 0
		U0 0.414293
		V0 0.124269
		U1 0.000000
		V1 0.000000
	Vertex
		Position [ 38.590537 -9.641307 -175.174963 ]
		Normal [ -0.120181 -0.638462 -0.760212 ]
		Tangent [ -0.999345 0.036198 -0.000016 ]
		Color 0
		U0 0.417859
		V0 0.101710
		U1 0.000000
		V1 0.000000
	Vertex
		Position [ 38.590537 -9.641307 -175.174963 ]
		Normal [ -0.120181 -0.638462 -0.760212 ]
		Tangent [ -0.981395 0.000000 0.191999 ]
		Color 0
		U0 0.434510
		V0 0.057761
		U1 0.000000
		V1 0.000000
	Vertex
		Position [ 38.590537  3.828705 -175.174963 ]
		Normal [ -0.120181 0.638463 -0.760212 ]
		Tangent [ -0.981395 0.000000 0.191999 ]
		Color 0
		U0 0.434510
		V0 0.053762
		U1 0.000000
		V1 0.000000
	Vertex
		Position [ 19.741756 -9.641307 -172.894854 ]
		Normal [ -0.063062 -0.638490 -0.767042 ]
		Tangent [ -0.999743 0.022651 -0.000011 ]
		Color 0
		U0 0.453510
		V0 0.106023
		U1 0.000000
		V1 0.000000
	Vertex
		Position [ 19.741756 -9.641307 -172.894854 ]
		Normal [ -0.063062 -0.638490 -0.767042 ]
		Tangent [ -0.992763 -0.000000 0.120093 ]
		Color 0
		U0 0.440147
		V0 0.057761
		U1 0.000000
		V1 0.000000
	Vertex
		Position [ 0.572482 -11.917687 -159.978305 ]
		Normal [ -0.000459 -0.966742 -0.255752 ]
		Tangent [ -0.999966 0.008239 -0.000014 ]
		Color 0
		U0 0.489767
		V0 0.130455
		U1 0.000000
		V1 0.000000
	Vertex
		Position [ 0.550812 -9.641307 -172.056117 ]
		Normal [ -0.001381 -0.638543 -0.769584 ]
		Tangent [ -0.999966 0.008239 -0.000014 ]
		Color 0
		U0 0.489808
		V0 0.107610
		U1 0.000000
		V1 0.000000
	Vertex
		Position [ 0.550812 -9.641307 -172.056117 ]
		Normal [ -0.001381 -0.638543 -0.769584 ]
		Tangent [ -0.999046 0.000000 0.043663 ]
		Color 0
		U0 0.445850
		V0 0.057761
		U1 0.000000
		V1 0.000000
