TXT
MeshData
	maxDiffuseMipLevel 0
	hasValidTangents TRUE
	BoundingRadius 587.156006
	MaxBoundingExtents [ 561.309082 215.626999 572.456482 ]
	MinBoundingExtents [ -559.798157 -215.626999 -530.982605 ]
	NumMaterials 1
	Material
		DiffuseTextureFileName "CapitalShip_CylonHades-cl.DDS"
		SelfIlluminationTextureFileName "CapitalShip_CylonHades-da.DDS"
		NormalTextureFileName "CapitalShip_CylonHades-nm.DDS"
		DisplacementTextureFileName ""
		TeamColorTextureFileName ""
		Diffuse ffffffff
		Ambient ffffffff
		Specular ffffffff
		Emissive ffffffff
		Glossiness 50.000000
	NumPoints 115
	Point
		DataString "Center"
		Position [ 0.089986 0.000000 -0.333235 ]
		Orientation
			 [ 0.869098 0.000000 0.494640 ]
			 [ 0.000000 1.000000 -0.000000 ]
			 [ -0.494640 -0.000000 0.869098 ]
	Point
		DataString "Above"
		Position [ 0.089986 480.000031 -0.333235 ]
		Orientation
			 [ 0.869098 0.000000 0.494640 ]
			 [ 0.000000 1.000000 -0.000000 ]
			 [ -0.494640 -0.000000 0.869098 ]
	Point
		DataString "Aura"
		Position [ 0.089986 -480.000031 -0.333235 ]
		Orientation
			 [ 0.869098 0.000000 0.494640 ]
			 [ 0.000000 1.000000 -0.000000 ]
			 [ -0.494640 -0.000000 0.869098 ]
	Point
		DataString "Weapon-0"
		Position [ 41.407608 -68.400002 -432.462402 ]
		Orientation
			 [ -0.999858 0.000000 -0.016842 ]
			 [ 0.000000 1.000000 -0.000000 ]
			 [ 0.016842 -0.000000 -0.999858 ]
	Point
		DataString "Weapon-0"
		Position [ -400.433899 -62.867390 -87.173660 ]
		Orientation
			 [ -0.295090 0.000000 0.955470 ]
			 [ 0.000000 1.000000 -0.000000 ]
			 [ -0.955470 -0.000000 -0.295090 ]
	Point
		DataString "Weapon-0"
		Position [ 41.407608 68.400002 -432.462402 ]
		Orientation
			 [ -0.999858 0.000000 -0.016842 ]
			 [ 0.000000 1.000000 -0.000000 ]
			 [ 0.016842 -0.000000 -0.999858 ]
	Point
		DataString "Weapon-0"
		Position [ -400.433899 62.867401 -87.173660 ]
		Orientation
			 [ -0.295090 0.000000 0.955470 ]
			 [ 0.000000 1.000000 -0.000000 ]
			 [ -0.955470 -0.000000 -0.295090 ]
	Point
		DataString "Weapon-0"
		Position [ 423.139374 -68.400002 -94.491051 ]
		Orientation
			 [ -0.274609 0.000000 -0.961556 ]
			 [ 0.000000 1.000000 -0.000000 ]
			 [ 0.961556 -0.000000 -0.274609 ]
	Point
		DataString "Weapon-0"
		Position [ -41.141075 -62.867390 -408.779175 ]
		Orientation
			 [ -0.999518 0.000000 0.031037 ]
			 [ 0.000000 1.000000 -0.000000 ]
			 [ -0.031037 -0.000000 -0.999518 ]
	Point
		DataString "Weapon-0"
		Position [ 423.139374 68.400002 -94.491051 ]
		Orientation
			 [ -0.274609 0.000000 -0.961556 ]
			 [ 0.000000 1.000000 -0.000000 ]
			 [ 0.961556 -0.000000 -0.274609 ]
	Point
		DataString "Weapon-0"
		Position [ -41.141075 62.867401 -408.779175 ]
		Orientation
			 [ -0.999518 0.000000 0.031037 ]
			 [ 0.000000 1.000000 -0.000000 ]
			 [ -0.031037 -0.000000 -0.999518 ]
	Point
		DataString "Weapon-0"
		Position [ 220.907455 -68.400002 373.422638 ]
		Orientation
			 [ 0.822388 0.000000 -0.568927 ]
			 [ 0.000000 1.000000 -0.000000 ]
			 [ 0.568927 -0.000000 0.822388 ]
	Point
		DataString "Weapon-0"
		Position [ 374.894287 -62.867390 -165.889221 ]
		Orientation
			 [ -0.293123 0.000000 -0.956075 ]
			 [ 0.000000 1.000000 -0.000000 ]
			 [ 0.956075 -0.000000 -0.293123 ]
	Point
		DataString "Weapon-0"
		Position [ 220.907455 68.400002 373.422638 ]
		Orientation
			 [ 0.822388 0.000000 -0.568927 ]
			 [ 0.000000 1.000000 -0.000000 ]
			 [ 0.568927 -0.000000 0.822388 ]
	Point
		DataString "Weapon-0"
		Position [ 374.894287 62.867401 -165.889221 ]
		Orientation
			 [ -0.293123 0.000000 -0.956075 ]
			 [ 0.000000 1.000000 -0.000000 ]
			 [ 0.956075 -0.000000 -0.293123 ]
	Point
		DataString "Weapon-0"
		Position [ -287.152863 -68.400002 325.107941 ]
		Orientation
			 [ 0.802782 0.000000 0.596273 ]
			 [ 0.000000 1.000000 -0.000000 ]
			 [ -0.596273 -0.000000 0.802782 ]
	Point
		DataString "Weapon-0"
		Position [ 272.984100 -62.867390 304.731110 ]
		Orientation
			 [ 0.828233 0.000000 -0.560384 ]
			 [ 0.000000 1.000000 -0.000000 ]
			 [ 0.560384 -0.000000 0.828233 ]
	Point
		DataString "Weapon-0"
		Position [ -287.152863 68.400002 325.107941 ]
		Orientation
			 [ 0.802782 0.000000 0.596273 ]
			 [ 0.000000 1.000000 -0.000000 ]
			 [ -0.596273 -0.000000 0.802782 ]
	Point
		DataString "Weapon-0"
		Position [ 272.984100 62.867401 304.731110 ]
		Orientation
			 [ 0.828233 0.000000 -0.560384 ]
			 [ 0.000000 1.000000 -0.000000 ]
			 [ 0.560384 -0.000000 0.828233 ]
	Point
		DataString "Weapon-0"
		Position [ -398.143555 -68.400002 -172.988266 ]
		Orientation
			 [ -0.324712 0.000000 0.945813 ]
			 [ 0.000000 1.000000 -0.000000 ]
			 [ -0.945813 -0.000000 -0.324712 ]
	Point
		DataString "Weapon-0"
		Position [ -206.031265 -62.867390 353.746368 ]
		Orientation
			 [ 0.801030 0.000000 0.598624 ]
			 [ 0.000000 1.000000 -0.000000 ]
			 [ -0.598624 -0.000000 0.801030 ]
	Point
		DataString "Weapon-0"
		Position [ -398.143555 68.400002 -172.988266 ]
		Orientation
			 [ -0.324712 0.000000 0.945813 ]
			 [ 0.000000 1.000000 -0.000000 ]
			 [ -0.945813 -0.000000 -0.324712 ]
	Point
		DataString "Weapon-0"
		Position [ -206.031265 62.867401 353.746368 ]
		Orientation
			 [ 0.801030 0.000000 0.598624 ]
			 [ 0.000000 1.000000 -0.000000 ]
			 [ -0.598624 -0.000000 0.801030 ]
	Point
		DataString "Bomb"
		Position [ 0.083963 -26.856329 108.535057 ]
		Orientation
			 [ 1.000000 0.000000 -0.000000 ]
			 [ 0.000000 1.000000 -0.000000 ]
			 [ 0.000000 -0.000000 1.000000 ]
	Point
		DataString "Bomb"
		Position [ 0.083960 26.856361 108.535088 ]
		Orientation
			 [ 1.000000 0.000000 -0.000000 ]
			 [ 0.000000 1.000000 -0.000000 ]
			 [ 0.000000 -0.000000 1.000000 ]
	Point
		DataString "Hangar"
		Position [ 108.993828 48.112080 34.554192 ]
		Orientation
			 [ 0.302305 0.000000 -0.953211 ]
			 [ 0.000000 1.000000 -0.000000 ]
			 [ 0.953211 -0.000000 0.302305 ]
	Point
		DataString "Hangar"
		Position [ 108.993828 -48.112068 34.554192 ]
		Orientation
			 [ 0.302305 0.000000 -0.953211 ]
			 [ 0.000000 1.000000 -0.000000 ]
			 [ 0.953211 -0.000000 0.302305 ]
	Point
		DataString "Hangar"
		Position [ 65.312386 48.112080 -90.018402 ]
		Orientation
			 [ -0.807262 0.000000 -0.590193 ]
			 [ 0.000000 1.000000 -0.000000 ]
			 [ 0.590193 -0.000000 -0.807262 ]
	Point
		DataString "Hangar"
		Position [ 65.312386 -48.112068 -90.018402 ]
		Orientation
			 [ -0.807262 0.000000 -0.590193 ]
			 [ 0.000000 1.000000 -0.000000 ]
			 [ 0.590193 -0.000000 -0.807262 ]
	Point
		DataString "Hangar"
		Position [ -65.703407 48.112080 -90.018379 ]
		Orientation
			 [ -0.802308 0.000000 0.596911 ]
			 [ 0.000000 1.000000 -0.000000 ]
			 [ -0.596911 -0.000000 -0.802308 ]
	Point
		DataString "Hangar"
		Position [ -65.703407 -48.112068 -90.018379 ]
		Orientation
			 [ -0.802308 0.000000 0.596911 ]
			 [ 0.000000 1.000000 -0.000000 ]
			 [ -0.596911 -0.000000 -0.802308 ]
	Point
		DataString "Hangar"
		Position [ -103.988762 48.112080 33.408619 ]
		Orientation
			 [ 0.381699 0.000000 0.924287 ]
			 [ 0.000000 1.000000 -0.000000 ]
			 [ -0.924287 -0.000000 0.381699 ]
	Point
		DataString "Hangar"
		Position [ -103.988762 -48.112068 33.408619 ]
		Orientation
			 [ 0.381699 0.000000 0.924287 ]
			 [ 0.000000 1.000000 -0.000000 ]
			 [ -0.924287 -0.000000 0.381699 ]
	Point
		DataString "Hangar"
		Position [ 0.083962 48.112080 126.544617 ]
		Orientation
			 [ 1.000000 0.000000 -0.000000 ]
			 [ 0.000000 1.000000 -0.000000 ]
			 [ 0.000000 -0.000000 1.000000 ]
	Point
		DataString "Hangar"
		Position [ 0.083962 -48.112068 126.544617 ]
		Orientation
			 [ 1.000000 0.000000 -0.000000 ]
			 [ 0.000000 1.000000 -0.000000 ]
			 [ 0.000000 -0.000000 1.000000 ]
	Point
		DataString "Weapon-1"
		Position [ 403.551392 -125.723206 -288.632538 ]
		Orientation
			 [ -0.323421 0.000000 -0.946255 ]
			 [ 0.000000 1.000000 -0.000000 ]
			 [ 0.946255 -0.000000 -0.323421 ]
	Point
		DataString "Weapon-1"
		Position [ 495.988861 125.382584 -11.996106 ]
		Orientation
			 [ -0.273610 0.000000 -0.961841 ]
			 [ 0.000000 1.000000 -0.000000 ]
			 [ 0.961841 -0.000000 -0.273610 ]
	Point
		DataString "Weapon-1"
		Position [ 495.988861 -125.382599 -11.996106 ]
		Orientation
			 [ -0.273610 0.000000 -0.961841 ]
			 [ 0.000000 1.000000 -0.000000 ]
			 [ 0.961841 -0.000000 -0.273610 ]
	Point
		DataString "Weapon-1"
		Position [ 398.579895 125.495781 294.245514 ]
		Orientation
			 [ 0.821941 0.000000 -0.569573 ]
			 [ 0.000000 1.000000 -0.000000 ]
			 [ 0.569573 -0.000000 0.821941 ]
	Point
		DataString "Weapon-1"
		Position [ 398.579895 -125.495804 294.245514 ]
		Orientation
			 [ 0.821941 0.000000 -0.569573 ]
			 [ 0.000000 1.000000 -0.000000 ]
			 [ 0.569573 -0.000000 0.821941 ]
	Point
		DataString "Weapon-1"
		Position [ 164.119370 125.434006 467.358917 ]
		Orientation
			 [ 0.808490 0.000000 -0.588510 ]
			 [ 0.000000 1.000000 -0.000000 ]
			 [ 0.588510 -0.000000 0.808490 ]
	Point
		DataString "Weapon-1"
		Position [ 164.119370 -125.434006 467.358917 ]
		Orientation
			 [ 0.808490 0.000000 -0.588510 ]
			 [ 0.000000 1.000000 -0.000000 ]
			 [ 0.588510 -0.000000 0.808490 ]
	Point
		DataString "Weapon-1"
		Position [ -156.683670 125.801292 469.002258 ]
		Orientation
			 [ 0.818423 0.000000 0.574616 ]
			 [ 0.000000 1.000000 -0.000000 ]
			 [ -0.574616 -0.000000 0.818423 ]
	Point
		DataString "Weapon-1"
		Position [ -156.683670 -125.801308 469.002258 ]
		Orientation
			 [ 0.818423 0.000000 0.574616 ]
			 [ 0.000000 1.000000 -0.000000 ]
			 [ -0.574616 -0.000000 0.818423 ]
	Point
		DataString "Weapon-1"
		Position [ -394.748840 125.601410 300.545319 ]
		Orientation
			 [ 0.798088 0.000000 0.602541 ]
			 [ 0.000000 1.000000 -0.000000 ]
			 [ -0.602541 -0.000000 0.798088 ]
	Point
		DataString "Weapon-1"
		Position [ -394.748840 -125.601402 300.545319 ]
		Orientation
			 [ 0.798088 0.000000 0.602541 ]
			 [ 0.000000 1.000000 -0.000000 ]
			 [ -0.602541 -0.000000 0.798088 ]
	Point
		DataString "Weapon-1"
		Position [ -495.896515 125.486870 -4.865476 ]
		Orientation
			 [ -0.299090 0.000000 0.954225 ]
			 [ 0.000000 1.000000 -0.000000 ]
			 [ -0.954225 -0.000000 -0.299090 ]
	Point
		DataString "Weapon-1"
		Position [ -495.896515 -125.486908 -4.865476 ]
		Orientation
			 [ -0.299090 0.000000 0.954225 ]
			 [ 0.000000 1.000000 -0.000000 ]
			 [ -0.954225 -0.000000 -0.299090 ]
	Point
		DataString "Weapon-1"
		Position [ -408.264648 125.610069 -282.961914 ]
		Orientation
			 [ -0.299199 0.000000 0.954191 ]
			 [ 0.000000 1.000000 -0.000000 ]
			 [ -0.954191 -0.000000 -0.299199 ]
	Point
		DataString "Weapon-1"
		Position [ -408.264648 -125.610107 -282.961914 ]
		Orientation
			 [ -0.299199 0.000000 0.954191 ]
			 [ 0.000000 1.000000 -0.000000 ]
			 [ -0.954191 -0.000000 -0.299199 ]
	Point
		DataString "Weapon-1"
		Position [ -149.143982 125.624931 -473.621704 ]
		Orientation
			 [ -1.000000 0.000000 0.000000 ]
			 [ 0.000000 1.000000 -0.000000 ]
			 [ -0.000000 -0.000000 -1.000000 ]
	Point
		DataString "Weapon-1"
		Position [ -149.143982 -125.624901 -473.621704 ]
		Orientation
			 [ -1.000000 0.000000 0.000000 ]
			 [ 0.000000 1.000000 -0.000000 ]
			 [ -0.000000 -0.000000 -1.000000 ]
	Point
		DataString "Weapon-1"
		Position [ 142.525177 125.528648 -475.915741 ]
		Orientation
			 [ -1.000000 0.000000 0.000000 ]
			 [ 0.000000 1.000000 -0.000000 ]
			 [ -0.000000 -0.000000 -1.000000 ]
	Point
		DataString "Weapon-1"
		Position [ 142.525177 -125.530190 -475.607208 ]
		Orientation
			 [ -1.000000 0.000000 0.000000 ]
			 [ 0.000000 1.000000 -0.000000 ]
			 [ -0.000000 -0.000000 -1.000000 ]
	Point
		DataString "Weapon-1"
		Position [ 403.551392 125.723228 -288.632538 ]
		Orientation
			 [ -0.323421 0.000000 -0.946255 ]
			 [ 0.000000 1.000000 -0.000000 ]
			 [ 0.946255 -0.000000 -0.323421 ]
	Point
		DataString "Weapon-2"
		Position [ -179.265503 -125.400002 454.370148 ]
		Orientation
			 [ 0.787648 0.000000 0.616126 ]
			 [ 0.000000 1.000000 -0.000000 ]
			 [ -0.616126 -0.000000 0.787648 ]
	Point
		DataString "Weapon-2"
		Position [ -372.607513 125.400002 315.821381 ]
		Orientation
			 [ 0.795591 0.000000 0.605834 ]
			 [ 0.000000 1.000000 -0.000000 ]
			 [ -0.605834 -0.000000 0.795591 ]
	Point
		DataString "Weapon-2"
		Position [ -372.607513 -125.400002 315.821381 ]
		Orientation
			 [ 0.795591 0.000000 0.605834 ]
			 [ 0.000000 1.000000 -0.000000 ]
			 [ -0.605834 -0.000000 0.795591 ]
	Point
		DataString "Weapon-2"
		Position [ -488.008850 125.400002 -30.593466 ]
		Orientation
			 [ -0.263255 0.000000 0.964726 ]
			 [ 0.000000 1.000000 -0.000000 ]
			 [ -0.964726 -0.000000 -0.263255 ]
	Point
		DataString "Weapon-2"
		Position [ -488.008850 -125.400002 -30.593466 ]
		Orientation
			 [ -0.263255 0.000000 0.964726 ]
			 [ 0.000000 1.000000 -0.000000 ]
			 [ -0.964726 -0.000000 -0.263255 ]
	Point
		DataString "Weapon-2"
		Position [ -416.825684 125.400002 -257.343323 ]
		Orientation
			 [ -0.291577 0.000000 0.956547 ]
			 [ 0.000000 1.000000 -0.000000 ]
			 [ -0.956547 -0.000000 -0.291577 ]
	Point
		DataString "Weapon-2"
		Position [ -416.825684 -125.400002 -257.343323 ]
		Orientation
			 [ -0.291577 0.000000 0.956547 ]
			 [ 0.000000 1.000000 -0.000000 ]
			 [ -0.956547 -0.000000 -0.291577 ]
	Point
		DataString "Weapon-2"
		Position [ -122.393372 125.400002 -473.854156 ]
		Orientation
			 [ -1.000000 0.000000 0.000000 ]
			 [ 0.000000 1.000000 -0.000000 ]
			 [ -0.000000 -0.000000 -1.000000 ]
	Point
		DataString "Weapon-2"
		Position [ -122.393372 -125.400002 -473.854156 ]
		Orientation
			 [ -1.000000 0.000000 0.000000 ]
			 [ 0.000000 1.000000 -0.000000 ]
			 [ -0.000000 -0.000000 -1.000000 ]
	Point
		DataString "Weapon-2"
		Position [ 115.569397 125.400002 -476.796783 ]
		Orientation
			 [ -1.000000 0.000000 0.000000 ]
			 [ 0.000000 1.000000 -0.000000 ]
			 [ -0.000000 -0.000000 -1.000000 ]
	Point
		DataString "Weapon-2"
		Position [ 115.569397 -125.400002 -476.796783 ]
		Orientation
			 [ -1.000000 0.000000 0.000000 ]
			 [ 0.000000 1.000000 -0.000000 ]
			 [ -0.000000 -0.000000 -1.000000 ]
	Point
		DataString "Weapon-2"
		Position [ 412.218079 125.418022 -262.935974 ]
		Orientation
			 [ -0.315352 0.000000 -0.948975 ]
			 [ 0.000000 1.000000 -0.000000 ]
			 [ 0.948975 -0.000000 -0.315352 ]
	Point
		DataString "Weapon-2"
		Position [ 412.218079 -125.418007 -262.935974 ]
		Orientation
			 [ -0.315352 0.000000 -0.948975 ]
			 [ 0.000000 1.000000 -0.000000 ]
			 [ 0.948975 -0.000000 -0.315352 ]
	Point
		DataString "Weapon-2"
		Position [ 487.515594 125.401306 -37.663677 ]
		Orientation
			 [ -0.284226 0.000000 -0.958757 ]
			 [ 0.000000 1.000000 -0.000000 ]
			 [ 0.958757 -0.000000 -0.284226 ]
	Point
		DataString "Weapon-2"
		Position [ 487.515594 -125.401306 -37.663677 ]
		Orientation
			 [ -0.284226 0.000000 -0.958757 ]
			 [ 0.000000 1.000000 -0.000000 ]
			 [ 0.958757 -0.000000 -0.284226 ]
	Point
		DataString "Weapon-2"
		Position [ 377.031677 125.572510 310.324738 ]
		Orientation
			 [ 0.804187 0.000000 -0.594376 ]
			 [ 0.000000 1.000000 -0.000000 ]
			 [ 0.594376 -0.000000 0.804187 ]
	Point
		DataString "Weapon-2"
		Position [ 377.031677 -125.572510 310.324738 ]
		Orientation
			 [ 0.804187 0.000000 -0.594376 ]
			 [ 0.000000 1.000000 -0.000000 ]
			 [ 0.594376 -0.000000 0.804187 ]
	Point
		DataString "Weapon-2"
		Position [ 186.073517 125.533936 451.947876 ]
		Orientation
			 [ 0.822353 0.000000 -0.568978 ]
			 [ 0.000000 1.000000 -0.000000 ]
			 [ 0.568978 -0.000000 0.822353 ]
	Point
		DataString "Weapon-2"
		Position [ 186.073517 -125.533897 451.947876 ]
		Orientation
			 [ 0.822353 0.000000 -0.568978 ]
			 [ 0.000000 1.000000 -0.000000 ]
			 [ 0.568978 -0.000000 0.822353 ]
	Point
		DataString "Weapon-2"
		Position [ -179.265503 125.400002 454.370148 ]
		Orientation
			 [ 0.787648 0.000000 0.616126 ]
			 [ 0.000000 1.000000 -0.000000 ]
			 [ -0.616126 -0.000000 0.787648 ]
	Point
		DataString "Weapon-3"
		Position [ 395.105743 -127.120003 -314.070343 ]
		Orientation
			 [ -0.317291 0.000000 -0.948328 ]
			 [ 0.000000 1.000000 -0.000000 ]
			 [ 0.948328 -0.000000 -0.317291 ]
	Point
		DataString "Weapon-3"
		Position [ 504.752106 127.700005 12.869538 ]
		Orientation
			 [ -0.315812 0.000000 -0.948822 ]
			 [ 0.000000 1.000000 -0.000000 ]
			 [ 0.948822 -0.000000 -0.315812 ]
	Point
		DataString "Weapon-3"
		Position [ 504.752106 -127.700005 12.869538 ]
		Orientation
			 [ -0.315812 0.000000 -0.948822 ]
			 [ 0.000000 1.000000 -0.000000 ]
			 [ 0.948822 -0.000000 -0.315812 ]
	Point
		DataString "Weapon-3"
		Position [ 420.062042 127.120003 278.025116 ]
		Orientation
			 [ 0.816555 0.000000 -0.577268 ]
			 [ 0.000000 1.000000 -0.000000 ]
			 [ 0.577268 -0.000000 0.816555 ]
	Point
		DataString "Weapon-3"
		Position [ 420.062042 -127.120003 278.025116 ]
		Orientation
			 [ 0.816555 0.000000 -0.577268 ]
			 [ 0.000000 1.000000 -0.000000 ]
			 [ 0.577268 -0.000000 0.816555 ]
	Point
		DataString "Weapon-3"
		Position [ 143.499191 127.700005 483.794189 ]
		Orientation
			 [ 0.818912 0.000000 -0.573919 ]
			 [ 0.000000 1.000000 -0.000000 ]
			 [ 0.573919 -0.000000 0.818912 ]
	Point
		DataString "Weapon-3"
		Position [ 143.499191 -127.700005 483.794189 ]
		Orientation
			 [ 0.818912 0.000000 -0.573919 ]
			 [ 0.000000 1.000000 -0.000000 ]
			 [ 0.573919 -0.000000 0.818912 ]
	Point
		DataString "Weapon-3"
		Position [ -135.219559 127.120003 485.190582 ]
		Orientation
			 [ 0.813250 0.000000 0.581915 ]
			 [ 0.000000 1.000000 -0.000000 ]
			 [ -0.581915 -0.000000 0.813250 ]
	Point
		DataString "Weapon-3"
		Position [ -135.219559 -127.120003 485.190582 ]
		Orientation
			 [ 0.813250 0.000000 0.581915 ]
			 [ 0.000000 1.000000 -0.000000 ]
			 [ -0.581915 -0.000000 0.813250 ]
	Point
		DataString "Weapon-3"
		Position [ -416.315613 127.700005 285.491455 ]
		Orientation
			 [ 0.791351 0.000000 0.611362 ]
			 [ 0.000000 1.000000 -0.000000 ]
			 [ -0.611362 -0.000000 0.791351 ]
	Point
		DataString "Weapon-3"
		Position [ -416.315613 -127.700005 285.491455 ]
		Orientation
			 [ 0.791351 0.000000 0.611362 ]
			 [ 0.000000 1.000000 -0.000000 ]
			 [ -0.611362 -0.000000 0.791351 ]
	Point
		DataString "Weapon-3"
		Position [ -503.578522 127.120003 21.093327 ]
		Orientation
			 [ -0.297119 0.000000 0.954840 ]
			 [ 0.000000 1.000000 -0.000000 ]
			 [ -0.954840 -0.000000 -0.297119 ]
	Point
		DataString "Weapon-3"
		Position [ -503.578522 -127.120003 21.093327 ]
		Orientation
			 [ -0.297119 0.000000 0.954840 ]
			 [ 0.000000 1.000000 -0.000000 ]
			 [ -0.954840 -0.000000 -0.297119 ]
	Point
		DataString "Weapon-3"
		Position [ -400.708618 127.700005 -308.149750 ]
		Orientation
			 [ -0.283356 0.000000 0.959015 ]
			 [ 0.000000 1.000000 -0.000000 ]
			 [ -0.959015 -0.000000 -0.283356 ]
	Point
		DataString "Weapon-3"
		Position [ -400.708618 -127.700005 -308.149750 ]
		Orientation
			 [ -0.283356 0.000000 0.959015 ]
			 [ 0.000000 1.000000 -0.000000 ]
			 [ -0.959015 -0.000000 -0.283356 ]
	Point
		DataString "Weapon-3"
		Position [ -176.236206 127.120003 -473.026367 ]
		Orientation
			 [ -1.000000 0.000000 0.000000 ]
			 [ 0.000000 1.000000 -0.000000 ]
			 [ -0.000000 -0.000000 -1.000000 ]
	Point
		DataString "Weapon-3"
		Position [ -176.236206 -127.120003 -473.026367 ]
		Orientation
			 [ -1.000000 0.000000 0.000000 ]
			 [ 0.000000 1.000000 -0.000000 ]
			 [ -0.000000 -0.000000 -1.000000 ]
	Point
		DataString "Weapon-3"
		Position [ 168.681885 127.700005 -476.312531 ]
		Orientation
			 [ -1.000000 0.000000 0.000000 ]
			 [ 0.000000 1.000000 -0.000000 ]
			 [ -0.000000 -0.000000 -1.000000 ]
	Point
		DataString "Weapon-3"
		Position [ 168.681885 -127.700005 -476.312531 ]
		Orientation
			 [ -1.000000 0.000000 0.000000 ]
			 [ 0.000000 1.000000 -0.000000 ]
			 [ -0.000000 -0.000000 -1.000000 ]
	Point
		DataString "Weapon-3"
		Position [ 395.105743 127.120003 -314.070343 ]
		Orientation
			 [ -0.317291 0.000000 -0.948328 ]
			 [ 0.000000 1.000000 -0.000000 ]
			 [ 0.948328 -0.000000 -0.317291 ]
	Point
		DataString "Weapon-4"
		Position [ -95.284660 -125.400002 -474.493286 ]
		Orientation
			 [ -1.000000 0.000000 0.000000 ]
			 [ 0.000000 1.000000 -0.000000 ]
			 [ -0.000000 -0.000000 -1.000000 ]
	Point
		DataString "Weapon-4"
		Position [ 88.533012 125.400002 -476.454437 ]
		Orientation
			 [ -1.000000 0.000000 0.000000 ]
			 [ 0.000000 1.000000 -0.000000 ]
			 [ -0.000000 -0.000000 -1.000000 ]
	Point
		DataString "Weapon-4"
		Position [ 88.533012 -125.400002 -476.454437 ]
		Orientation
			 [ -1.000000 0.000000 0.000000 ]
			 [ 0.000000 1.000000 -0.000000 ]
			 [ -0.000000 -0.000000 -1.000000 ]
	Point
		DataString "Weapon-4"
		Position [ 421.160339 125.400002 -237.504135 ]
		Orientation
			 [ -0.301480 0.000000 -0.953473 ]
			 [ 0.000000 1.000000 -0.000000 ]
			 [ 0.953473 -0.000000 -0.301480 ]
	Point
		DataString "Weapon-4"
		Position [ 421.160339 -125.400002 -237.504135 ]
		Orientation
			 [ -0.301480 0.000000 -0.953473 ]
			 [ 0.000000 1.000000 -0.000000 ]
			 [ 0.953473 -0.000000 -0.301480 ]
	Point
		DataString "Weapon-4"
		Position [ 479.567200 125.400002 -63.199001 ]
		Orientation
			 [ -0.301077 0.000000 -0.953600 ]
			 [ 0.000000 1.000000 -0.000000 ]
			 [ 0.953600 -0.000000 -0.301077 ]
	Point
		DataString "Weapon-4"
		Position [ 479.567200 -125.400002 -63.199001 ]
		Orientation
			 [ -0.301077 0.000000 -0.953600 ]
			 [ 0.000000 1.000000 -0.000000 ]
			 [ 0.953600 -0.000000 -0.301077 ]
	Point
		DataString "Weapon-4"
		Position [ 355.518005 125.400002 326.437744 ]
		Orientation
			 [ 0.839802 0.000000 -0.542893 ]
			 [ 0.000000 1.000000 -0.000000 ]
			 [ 0.542893 -0.000000 0.839802 ]
	Point
		DataString "Weapon-4"
		Position [ 355.518005 -125.400002 326.437744 ]
		Orientation
			 [ 0.839802 0.000000 -0.542893 ]
			 [ 0.000000 1.000000 -0.000000 ]
			 [ 0.542893 -0.000000 0.839802 ]
	Point
		DataString "Weapon-4"
		Position [ 207.889435 125.400002 436.357849 ]
		Orientation
			 [ 0.814171 0.000000 -0.580626 ]
			 [ 0.000000 1.000000 -0.000000 ]
			 [ 0.580626 -0.000000 0.814171 ]
	Point
		DataString "Weapon-4"
		Position [ 207.889435 -125.400002 436.357849 ]
		Orientation
			 [ 0.814171 0.000000 -0.580626 ]
			 [ 0.000000 1.000000 -0.000000 ]
			 [ 0.580626 -0.000000 0.814171 ]
	Point
		DataString "Weapon-4"
		Position [ -201.575653 125.400002 438.917206 ]
		Orientation
			 [ 0.791090 0.000000 0.611700 ]
			 [ 0.000000 1.000000 -0.000000 ]
			 [ -0.611700 -0.000000 0.791090 ]
	Point
		DataString "Weapon-4"
		Position [ -201.575653 -125.400002 438.917206 ]
		Orientation
			 [ 0.791090 0.000000 0.611700 ]
			 [ 0.000000 1.000000 -0.000000 ]
			 [ -0.611700 -0.000000 0.791090 ]
	Point
		DataString "Weapon-4"
		Position [ -351.280243 125.400002 331.984467 ]
		Orientation
			 [ 0.811445 0.000000 0.584428 ]
			 [ 0.000000 1.000000 -0.000000 ]
			 [ -0.584428 -0.000000 0.811445 ]
	Point
		DataString "Weapon-4"
		Position [ -351.280243 -125.400002 331.984467 ]
		Orientation
			 [ 0.811445 0.000000 0.584428 ]
			 [ 0.000000 1.000000 -0.000000 ]
			 [ -0.584428 -0.000000 0.811445 ]
	Point
		DataString "Weapon-4"
		Position [ -480.068726 125.400002 -56.495434 ]
		Orientation
			 [ -0.292131 0.000000 0.956378 ]
			 [ 0.000000 1.000000 -0.000000 ]
			 [ -0.956378 -0.000000 -0.292131 ]
	Point
		DataString "Weapon-4"
		Position [ -480.068726 -125.400002 -56.495434 ]
		Orientation
			 [ -0.292131 0.000000 0.956378 ]
			 [ 0.000000 1.000000 -0.000000 ]
			 [ -0.956378 -0.000000 -0.292131 ]
	Point
		DataString "Weapon-4"
		Position [ -425.366028 125.400002 -231.973267 ]
		Orientation
			 [ -0.320493 0.000000 0.947251 ]
			 [ 0.000000 1.000000 -0.000000 ]
			 [ -0.947251 -0.000000 -0.320493 ]
	Point
		DataString "Weapon-4"
		Position [ -425.366028 -125.400002 -231.973267 ]
		Orientation
			 [ -0.320493 0.000000 0.947251 ]
			 [ 0.000000 1.000000 -0.000000 ]
			 [ -0.947251 -0.000000 -0.320493 ]
	Point
		DataString "Weapon-4"
		Position [ -95.284660 125.400002 -474.493286 ]
		Orientation
			 [ -1.000000 0.000000 0.000000 ]
			 [ 0.000000 1.000000 -0.000000 ]
			 [ -0.000000 -0.000000 -1.000000 ]
	NumVertices 9186
	Vertex
		Position [ -58.407784 13.271054 -129.085510 ]
		Normal [ -0.411389 0.000000 -0.911460 ]
		Tangent [ 0.106870 0.201290 -0.973684 ]
		Color 0
		U0 0.081161
		V0 0.304096
		U1 0.081161
		V1 0.304096
	Vertex
		Position [ -29.608770 -13.496897 -135.340820 ]
		Normal [ -0.213104 0.000000 -0.977030 ]
		Tangent [ 0.665177 -0.033349 -0.745941 ]
		Color 0
		U0 0.106461
		V0 0.350055
		U1 0.106461
		V1 0.350055
	Vertex
		Position [ -29.608770 13.496897 -135.340820 ]
		Normal [ -0.213104 0.000000 -0.977030 ]
		Tangent [ 0.665177 0.033334 -0.745941 ]
		Color 0
		U0 0.106461
		V0 0.303707
		U1 0.106461
		V1 0.303707
	Vertex
		Position [ -0.844585 13.498169 -141.640823 ]
		Normal [ -0.077119 0.000000 -0.997022 ]
		Tangent [ 0.710536 0.054166 -0.701573 ]
		Color 0
		U0 0.131740
		V0 0.303705
		U1 0.131740
		V1 0.303705
	Vertex
		Position [ -0.844585 -13.498169 -141.640823 ]
		Normal [ 0.063927 0.000000 -0.997955 ]
		Tangent [ 0.710536 -0.054170 -0.701573 ]
		Color 0
		U0 0.131740
		V0 0.350056
		U1 0.131740
		V1 0.350056
	Vertex
		Position [ 28.012457 13.384359 -135.719299 ]
		Normal [ 0.201013 0.000000 -0.979589 ]
		Tangent [ 0.807569 0.059900 -0.586723 ]
		Color 0
		U0 0.157029
		V0 0.303900
		U1 0.157029
		V1 0.303900
	Vertex
		Position [ 28.012457 -13.384359 -135.719299 ]
		Normal [ 0.201013 0.000000 -0.979589 ]
		Tangent [ 0.807568 -0.059905 -0.586724 ]
		Color 0
		U0 0.157029
		V0 0.349861
		U1 0.157029
		V1 0.349861
	Vertex
		Position [ 56.869503 13.270560 -129.797791 ]
		Normal [ 0.334920 0.000000 -0.942247 ]
		Tangent [ 0.727244 0.229194 -0.646983 ]
		Color 0
		U0 0.182318
		V0 0.304095
		U1 0.182318
		V1 0.304095
	Vertex
		Position [ 56.869503 -13.270560 -129.797791 ]
		Normal [ 0.464825 0.000000 -0.885403 ]
		Tangent [ 0.727232 -0.229490 -0.646891 ]
		Color 0
		U0 0.182318
		V0 0.349665
		U1 0.182318
		V1 0.349665
	Vertex
		Position [ 104.170425 13.271054 -95.845787 ]
		Normal [ 0.739724 0.000000 -0.672911 ]
		Tangent [ 0.959053 0.201290 -0.199245 ]
		Color 0
		U0 0.232303
		V0 0.304094
		U1 0.232303
		V1 0.304094
	Vertex
		Position [ 31.870724 199.325851 -80.605644 ]
		Normal [ -0.000104 0.999991 0.004251 ]
		Tangent [ -0.527962 -0.008741 -0.849223 ]
		Color 0
		U0 0.303753
		V0 0.874803
		U1 0.303753
		V1 0.874803
	Vertex
		Position [ 42.855461 199.132523 -37.339478 ]
		Normal [ -0.000118 0.999998 0.002033 ]
		Tangent [ 0.178181 0.000625 -0.983997 ]
		Color 0
		U0 0.278207
		V0 0.817826
		U1 0.278207
		V1 0.817826
	Vertex
		Position [ 20.673628 199.132126 -52.953968 ]
		Normal [ -0.001052 0.999999 0.001048 ]
		Tangent [ -0.216499 0.002489 -0.976280 ]
		Color 0
		U0 0.278723
		V0 0.864320
		U1 0.278723
		V1 0.864320
	Vertex
		Position [ 0.004939 199.199585 -0.593116 ]
		Normal [ 0.000000 1.000000 0.000000 ]
		Tangent [ 0.664373 0.000000 -0.747401 ]
		Color 0
		U0 0.231606
		V0 0.843588
		U1 0.231606
		V1 0.843588
	Vertex
		Position [ -21.712349 199.132523 -52.692078 ]
		Normal [ 0.001897 0.999998 0.000740 ]
		Tangent [ -0.738521 0.000424 -0.674230 ]
		Color 0
		U0 0.258287
		V0 0.924405
		U1 0.258287
		V1 0.924405
	Vertex
		Position [ 76.671120 199.157806 -65.915932 ]
		Normal [ 0.068441 0.992022 -0.105865 ]
		Tangent [ 0.188269 -0.107027 -0.976268 ]
		Color 0
		U0 0.314701
		V0 0.796997
		U1 0.314701
		V1 0.796997
	Vertex
		Position [ 52.197598 197.229309 -96.998619 ]
		Normal [ 0.064840 0.990448 -0.121688 ]
		Tangent [ 0.072644 -0.127330 -0.989197 ]
		Color 0
		U0 0.325292
		V0 0.861503
		U1 0.325292
		V1 0.861503
	Vertex
		Position [ 74.250015 197.223755 -81.183975 ]
		Normal [ 0.097214 0.992204 -0.077979 ]
		Tangent [ 0.072288 -0.123958 -0.989651 ]
		Color 0
		U0 0.324559
		V0 0.815012
		U1 0.324559
		V1 0.815012
	Vertex
		Position [ 37.307644 199.358109 -94.176811 ]
		Normal [ 0.056712 0.996120 -0.067289 ]
		Tangent [ -0.007124 -0.105683 -0.994374 ]
		Color 0
		U0 0.316009
		V0 0.880030
		U1 0.316009
		V1 0.880030
	Vertex
		Position [ 92.165306 187.234756 -172.494385 ]
		Normal [ 0.056157 0.990696 -0.123967 ]
		Tangent [ 0.543775 -0.419312 -0.726971 ]
		Color 0
		U0 0.398636
		V0 0.876859
		U1 0.398636
		V1 0.876859
	Vertex
		Position [ 90.813393 180.825958 -222.145157 ]
		Normal [ 0.110055 0.986038 -0.124968 ]
		Tangent [ 0.011124 -0.154848 -0.987876 ]
		Color 0
		U0 0.433750
		V0 0.926293
		U1 0.433750
		V1 0.926293
	Vertex
		Position [ 156.175781 160.957855 -302.544891 ]
		Normal [ 0.155446 0.980099 -0.123464 ]
		Tangent [ 0.267379 -0.363977 0.892205 ]
		Color 0
		U0 0.523858
		V0 0.910033
		U1 0.523858
		V1 0.910033
	Vertex
		Position [ 146.933258 160.804764 -316.446777 ]
		Normal [ 0.142886 0.979939 -0.138938 ]
		Tangent [ 0.065972 -0.079071 -0.994684 ]
		Color 0
		U0 0.529274
		V0 0.936554
		U1 0.529274
		V1 0.936554
	Vertex
		Position [ 199.966400 142.009079 -390.648590 ]
		Normal [ 0.114142 0.981190 -0.155686 ]
		Tangent [ 0.553471 -0.828200 0.088057 ]
		Color 0
		U0 0.609198
		V0 0.931744
		U1 0.609198
		V1 0.931744
	Vertex
		Position [ 206.082794 131.061691 -454.196594 ]
		Normal [ 0.092718 0.982772 -0.159881 ]
		Tangent [ -0.797836 0.566659 -0.205804 ]
		Color 0
		U0 0.658385
		V0 0.983824
		U1 0.658385
		V1 0.983824
	Vertex
		Position [ 178.547562 142.003433 -402.802032 ]
		Normal [ 0.095404 0.981058 -0.168592 ]
		Tangent [ 0.741740 0.644887 -0.184237 ]
		Color 0
		U0 0.607663
		V0 0.973938
		U1 0.607663
		V1 0.973938
	Vertex
		Position [ 291.997101 119.860031 -442.025696 ]
		Normal [ 0.164417 0.966311 -0.198016 ]
		Tangent [ 0.508623 -0.386855 -0.769185 ]
		Color 0
		U0 0.692586
		V0 0.849244
		U1 0.692586
		V1 0.849244
	Vertex
		Position [ 292.169708 116.273376 -495.840027 ]
		Normal [ 0.054905 0.996293 -0.066226 ]
		Tangent [ 0.562516 -0.034185 -0.826079 ]
		Color 0
		U0 0.731012
		V0 0.901410
		U1 0.731012
		V1 0.901410
	Vertex
		Position [ 315.722443 116.267365 -478.949402 ]
		Normal [ 0.047781 0.996657 -0.066273 ]
		Tangent [ 0.991558 -0.073617 0.106742 ]
		Color 0
		U0 0.730487
		V0 0.851508
		U1 0.730487
		V1 0.851508
	Vertex
		Position [ 224.337540 123.807755 -488.269073 ]
		Normal [ 0.136131 0.971943 -0.191819 ]
		Tangent [ 0.618334 -0.152938 -0.770891 ]
		Color 0
		U0 0.692015
		V0 0.990455
		U1 0.692015
		V1 0.990455
	Vertex
		Position [ 238.431839 125.906792 -466.870422 ]
		Normal [ 0.142404 0.970018 -0.196943 ]
		Tangent [ 0.108712 -0.291932 -0.950241 ]
		Color 0
		U0 0.683326
		V0 0.949791
		U1 0.683326
		V1 0.949791
	Vertex
		Position [ 92.445755 189.848694 -157.686539 ]
		Normal [ 0.013039 0.993600 -0.112203 ]
		Tangent [ 0.422624 -0.635291 -0.646369 ]
		Color 0
		U0 0.388037
		V0 0.862126
		U1 0.388037
		V1 0.862126
	Vertex
		Position [ 118.882591 189.838074 -138.740067 ]
		Normal [ 0.124043 0.991790 -0.031077 ]
		Tangent [ -0.349662 -0.621471 -0.701078 ]
		Color 0
		U0 0.387169
		V0 0.806397
		U1 0.387169
		V1 0.806397
	Vertex
		Position [ 133.026245 187.218323 -143.210678 ]
		Normal [ 0.110447 0.988979 -0.098599 ]
		Tangent [ -0.475771 -0.391313 -0.787728 ]
		Color 0
		U0 0.397281
		V0 0.790323
		U1 0.397281
		V1 0.790323
	Vertex
		Position [ 180.737030 180.827621 -157.659058 ]
		Normal [ 0.085576 0.989611 -0.115530 ]
		Tangent [ 0.162465 -0.154895 -0.974481 ]
		Color 0
		U0 0.430749
		V0 0.736032
		U1 0.430749
		V1 0.736032
	Vertex
		Position [ 251.033310 161.105545 -240.712433 ]
		Normal [ 0.064673 0.977844 -0.199095 ]
		Tangent [ 0.081276 -0.083432 -0.993193 ]
		Color 0
		U0 0.524992
		V0 0.714892
		U1 0.524992
		V1 0.714892
	Vertex
		Position [ 235.876968 160.931702 -245.412979 ]
		Normal [ 0.073947 0.977610 -0.197004 ]
		Tangent [ -0.532893 -0.338674 0.775452 ]
		Color 0
		U0 0.521213
		V0 0.741059
		U1 0.521213
		V1 0.741059
	Vertex
		Position [ 177.640747 127.540604 -345.814087 ]
		Normal [ 0.007024 0.999931 -0.009435 ]
		Tangent [ 0.344636 -0.030878 0.938228 ]
		Color 0
		U0 0.880398
		V0 0.610796
		U1 0.880398
		V1 0.610796
	Vertex
		Position [ 74.003601 130.707901 -80.302887 ]
		Normal [ 0.006868 0.999934 -0.009247 ]
		Tangent [ -0.856234 0.048497 0.514307 ]
		Color 0
		U0 0.643305
		V0 0.489731
		U1 0.643305
		V1 0.489731
	Vertex
		Position [ 51.951225 130.711731 -96.117538 ]
		Normal [ 0.006819 0.999934 -0.009267 ]
		Tangent [ -0.668263 0.049141 0.742301 ]
		Color 0
		U0 0.643305
		V0 0.536323
		U1 0.643305
		V1 0.536323
	Vertex
		Position [ 322.159882 142.699081 -298.880859 ]
		Normal [ 0.099284 0.979848 -0.173324 ]
		Tangent [ -0.797986 0.523210 -0.299114 ]
		Color 0
		U0 0.602140
		V0 0.669030
		U1 0.602140
		V1 0.669030
	Vertex
		Position [ 305.424744 141.979630 -315.016998 ]
		Normal [ 0.108351 0.981773 -0.156147 ]
		Tangent [ -0.703705 -0.708979 -0.046346 ]
		Color 0
		U0 0.605713
		V0 0.708359
		U1 0.605713
		V1 0.708359
	Vertex
		Position [ 390.157593 123.809654 -369.550079 ]
		Normal [ 0.138160 0.973579 -0.181811 ]
		Tangent [ 0.524948 -0.238262 -0.817105 ]
		Color 0
		U0 0.686697
		V0 0.639364
		U1 0.686697
		V1 0.639364
	Vertex
		Position [ 360.829071 131.956985 -339.069305 ]
		Normal [ 0.131460 0.981440 -0.139619 ]
		Tangent [ -0.233383 0.424139 -0.875008 ]
		Color 0
		U0 0.650987
		V0 0.651893
		U1 0.650987
		V1 0.651893
	Vertex
		Position [ 365.385376 125.869354 -375.828033 ]
		Normal [ 0.133899 0.970241 -0.201751 ]
		Tangent [ 0.030450 -0.293346 -0.955521 ]
		Color 0
		U0 0.679160
		V0 0.680811
		U1 0.679160
		V1 0.680811
	Vertex
		Position [ 238.431839 125.906792 -466.870422 ]
		Normal [ 0.142404 0.970018 -0.196943 ]
		Tangent [ 0.108712 -0.291932 -0.950241 ]
		Color 0
		U0 0.995273
		V0 0.647102
		U1 0.995273
		V1 0.647102
	Vertex
		Position [ 270.220490 127.512764 -279.432312 ]
		Normal [ 0.007195 0.999928 -0.009617 ]
		Tangent [ -0.532695 -0.012807 0.846211 ]
		Color 0
		U0 0.880405
		V0 0.415202
		U1 0.880405
		V1 0.415202
	Vertex
		Position [ 355.656006 119.839058 -401.989380 ]
		Normal [ 0.097699 0.979738 -0.174840 ]
		Tangent [ 0.798065 -0.290771 -0.527773 ]
		Color 0
		U0 0.694195
		V0 0.719717
		U1 0.694195
		V1 0.719717
	Vertex
		Position [ 352.057922 116.258018 -452.891754 ]
		Normal [ 0.046327 0.996229 -0.073360 ]
		Tangent [ 0.542231 -0.038296 -0.839356 ]
		Color 0
		U0 0.729265
		V0 0.773014
		U1 0.729265
		V1 0.773014
	Vertex
		Position [ 375.610687 116.251999 -436.001129 ]
		Normal [ 0.053194 0.995852 -0.073819 ]
		Tangent [ 0.991297 -0.080008 0.104540 ]
		Color 0
		U0 0.728246
		V0 0.723144
		U1 0.728246
		V1 0.723144
	Vertex
		Position [ 324.696533 119.851585 -418.575653 ]
		Normal [ 0.189390 0.939359 -0.285895 ]
		Tangent [ 0.329660 -0.218009 -0.918584 ]
		Color 0
		U0 0.691508
		V0 0.779961
		U1 0.691508
		V1 0.779961
	Vertex
		Position [ 65.269341 199.181549 -57.288036 ]
		Normal [ 0.002388 0.999992 0.003116 ]
		Tangent [ -0.368391 -0.005997 -0.929652 ]
		Color 0
		U0 0.303113
		V0 0.804983
		U1 0.303113
		V1 0.804983
	Vertex
		Position [ 13.345514 139.606873 -409.633362 ]
		Normal [ 0.024375 0.980688 -0.194052 ]
		Tangent [ -0.804448 0.437216 0.402125 ]
		Color 0
		U0 0.541586
		V0 0.281793
		U1 0.541586
		V1 0.281793
	Vertex
		Position [ 33.522511 158.049835 -304.125671 ]
		Normal [ 0.037034 0.983486 -0.177156 ]
		Tangent [ -0.657134 0.148851 0.738931 ]
		Color 0
		U0 0.526562
		V0 0.466524
		U1 0.526562
		V1 0.466524
	Vertex
		Position [ 13.491200 147.946823 -367.189728 ]
		Normal [ 0.112610 0.974922 -0.191954 ]
		Tangent [ -0.283362 0.726600 0.625907 ]
		Color 0
		U0 0.542388
		V0 0.356043
		U1 0.542388
		V1 0.356043
	Vertex
		Position [ -205.059265 123.602295 -496.979950 ]
		Normal [ 0.017576 0.979257 -0.201861 ]
		Tangent [ -0.650916 -0.018792 -0.758917 ]
		Color 0
		U0 0.727246
		V0 0.120237
		U1 0.727246
		V1 0.120237
	Vertex
		Position [ -169.521881 139.926331 -408.257568 ]
		Normal [ 0.042613 0.978892 -0.199885 ]
		Tangent [ -0.228876 0.138813 0.963508 ]
		Color 0
		U0 0.698557
		V0 0.276529
		U1 0.698557
		V1 0.276529
	Vertex
		Position [ -191.725571 133.650375 -448.471649 ]
		Normal [ 0.043342 0.975860 -0.214055 ]
		Tangent [ -0.283457 0.580527 0.763309 ]
		Color 0
		U0 0.716847
		V0 0.205828
		U1 0.716847
		V1 0.205828
	Vertex
		Position [ 161.874771 139.800491 -410.959473 ]
		Normal [ -0.020708 0.981974 -0.187878 ]
		Tangent [ -0.570179 0.065879 0.818875 ]
		Color 0
		U0 0.414089
		V0 0.285990
		U1 0.414089
		V1 0.285990
	Vertex
		Position [ 94.338852 157.766998 -305.379059 ]
		Normal [ 0.001142 0.985948 -0.167047 ]
		Tangent [ -0.649477 0.077832 0.756387 ]
		Color 0
		U0 0.474341
		V0 0.466924
		U1 0.474341
		V1 0.466924
	Vertex
		Position [ 130.362030 115.706207 -518.959534 ]
		Normal [ -0.029243 0.978147 -0.205848 ]
		Tangent [ -0.585990 -0.031658 0.809700 ]
		Color 0
		U0 0.438769
		V0 0.094714
		U1 0.438769
		V1 0.094714
	Vertex
		Position [ -210.622940 131.872040 -448.731628 ]
		Normal [ -0.092099 0.981443 -0.168188 ]
		Tangent [ -0.901639 0.431837 -0.023753 ]
		Color 0
		U0 0.732948
		V0 0.204699
		U1 0.732948
		V1 0.204699
	Vertex
		Position [ -230.341187 123.809654 -485.654816 ]
		Normal [ -0.130219 0.973579 -0.187580 ]
		Tangent [ -0.615034 -0.238179 -0.751667 ]
		Color 0
		U0 0.749245
		V0 0.138308
		U1 0.749245
		V1 0.138308
	Vertex
		Position [ -3.223595 115.699921 -530.931763 ]
		Normal [ -0.001937 0.980835 -0.194830 ]
		Tangent [ -0.839477 0.008970 0.543322 ]
		Color 0
		U0 0.553184
		V0 0.068886
		U1 0.553184
		V1 0.068886
	Vertex
		Position [ -21.460527 139.599976 -409.247620 ]
		Normal [ -0.029031 0.980083 -0.196456 ]
		Tangent [ -0.847592 0.003620 0.530636 ]
		Color 0
		U0 0.571467
		V0 0.280964
		U1 0.571467
		V1 0.280964
	Vertex
		Position [ -136.727432 115.685394 -516.704163 ]
		Normal [ 0.011584 0.978628 -0.205315 ]
		Tangent [ -0.979132 0.053713 0.196001 ]
		Color 0
		U0 0.668080
		V0 0.087171
		U1 0.668080
		V1 0.087171
	Vertex
		Position [ 184.794159 133.329453 -452.475616 ]
		Normal [ 0.007842 0.981977 -0.188840 ]
		Tangent [ -0.706507 0.277476 0.651042 ]
		Color 0
		U0 0.393432
		V0 0.214954
		U1 0.393432
		V1 0.214954
	Vertex
		Position [ 197.472610 123.598755 -499.779236 ]
		Normal [ 0.008721 0.979912 -0.199237 ]
		Tangent [ 0.345626 0.033354 0.937779 ]
		Color 0
		U0 0.381521
		V0 0.132603
		U1 0.381521
		V1 0.132603
	Vertex
		Position [ 224.337540 123.807755 -488.269073 ]
		Normal [ 0.136131 0.971943 -0.191819 ]
		Tangent [ 0.618334 -0.152938 -0.770891 ]
		Color 0
		U0 0.358642
		V0 0.153204
		U1 0.358642
		V1 0.153204
	Vertex
		Position [ 21.038309 206.144791 -98.562019 ]
		Normal [ -0.698787 0.579262 -0.419704 ]
		Tangent [ -0.144218 -0.214317 -0.966059 ]
		Color 0
		U0 0.381774
		V0 0.300479
		U1 0.381774
		V1 0.300479
	Vertex
		Position [ 25.366686 200.949402 -108.451309 ]
		Normal [ -0.458968 0.305708 -0.834201 ]
		Tangent [ -0.044524 -0.539959 -0.840513 ]
		Color 0
		U0 0.391674
		V0 0.302558
		U1 0.391674
		V1 0.302558
