TXT
MeshData
	maxDiffuseMipLevel 0
	hasValidTangents TRUE
	BoundingRadius 1473.848755
	MaxBoundingExtents [ 1466.942871 508.947632 1466.942871 ]
	MinBoundingExtents [ -1466.942871 -508.947632 -1466.942871 ]
	NumMaterials 1
	Material
		DiffuseTextureFileName "Titan_CylonBoomer-cl.DDS"
		SelfIlluminationTextureFileName "Titan_CylonBoomer-da.DDS"
		NormalTextureFileName "Titan_CylonBoomer-nm.DDS"
		DisplacementTextureFileName ""
		TeamColorTextureFileName ""
		Diffuse ffffffff
		Ambient ffffffff
		Specular ffffffff
		Emissive ffffffff
		Glossiness 50.000000
	NumPoints 216
	Point
		DataString "Above"
		Position [ 0.000000 571.468628 0.000000 ]
		Orientation
			 [ 1.000000 0.000000 -0.000000 ]
			 [ 0.000000 1.000000 -0.000000 ]
			 [ -0.000000 -0.000000 1.000000 ]
	Point
		DataString "Aura"
		Position [ 0.000000 -578.834778 0.000000 ]
		Orientation
			 [ 1.000000 0.000000 -0.000000 ]
			 [ 0.000000 1.000000 -0.000000 ]
			 [ -0.000000 -0.000000 1.000000 ]
	Point
		DataString "Center"
		Position [ 0.000000 0.000000 0.000000 ]
		Orientation
			 [ 1.000000 0.000000 -0.000000 ]
			 [ 0.000000 1.000000 -0.000000 ]
			 [ -0.000000 -0.000000 1.000000 ]
	Point
		DataString "Hangar"
		Position [ 0.000069 184.465912 792.380676 ]
		Orientation
			 [ 1.000000 0.000000 -0.000000 ]
			 [ 0.000000 1.000000 -0.000000 ]
			 [ -0.000000 -0.000000 1.000000 ]
	Point
		DataString "Hangar"
		Position [ -555.420410 184.465912 565.133057 ]
		Orientation
			 [ 0.713209 0.000000 0.700952 ]
			 [ 0.000000 1.000000 -0.000000 ]
			 [ -0.700952 -0.000000 0.713209 ]
	Point
		DataString "Hangar"
		Position [ -792.349548 184.465912 7.031864 ]
		Orientation
			 [ 0.008874 0.000000 0.999961 ]
			 [ 0.000000 1.000000 -0.000000 ]
			 [ -0.999961 -0.000000 0.008874 ]
	Point
		DataString "Hangar"
		Position [ -555.291382 184.465912 -565.259827 ]
		Orientation
			 [ -0.713369 0.000000 0.700789 ]
			 [ 0.000000 1.000000 -0.000000 ]
			 [ -0.700789 -0.000000 -0.713369 ]
	Point
		DataString "Hangar"
		Position [ -0.548797 184.465912 -792.380493 ]
		Orientation
			 [ -1.000000 0.000000 0.000693 ]
			 [ 0.000000 1.000000 -0.000000 ]
			 [ -0.000693 -0.000000 -1.000000 ]
	Point
		DataString "Hangar"
		Position [ 564.476135 184.465912 -556.087952 ]
		Orientation
			 [ -0.701794 0.000000 -0.712380 ]
			 [ 0.000000 1.000000 -0.000000 ]
			 [ 0.712380 -0.000000 -0.701794 ]
	Point
		DataString "Hangar"
		Position [ 792.338623 184.465912 8.162952 ]
		Orientation
			 [ 0.010302 0.000000 -0.999947 ]
			 [ 0.000000 1.000000 -0.000000 ]
			 [ 0.999947 -0.000000 0.010302 ]
	Point
		DataString "Hangar"
		Position [ 556.306091 184.465912 564.261169 ]
		Orientation
			 [ 0.712109 0.000000 -0.702069 ]
			 [ 0.000000 1.000000 -0.000000 ]
			 [ 0.702069 -0.000000 0.712109 ]
	Point
		DataString "Flair-Flair_Blink"
		Position [ -0.000003 455.138947 -32.271935 ]
		Orientation
			 [ 1.000000 0.000000 -0.000000 ]
			 [ 0.000000 1.000000 -0.000000 ]
			 [ -0.000000 -0.000000 1.000000 ]
	Point
		DataString "Flair-Flair_Blink"
		Position [ 0.000009 455.138947 100.722214 ]
		Orientation
			 [ 1.000000 0.000000 -0.000000 ]
			 [ 0.000000 1.000000 -0.000000 ]
			 [ -0.000000 -0.000000 1.000000 ]
	Point
		DataString "Flair-Flair_Blink"
		Position [ -68.039047 455.138947 33.787834 ]
		Orientation
			 [ 1.000000 0.000000 -0.000000 ]
			 [ 0.000000 1.000000 -0.000000 ]
			 [ -0.000000 -0.000000 1.000000 ]
	Point
		DataString "Flair-Flair_Blink"
		Position [ 63.617012 455.138947 33.787823 ]
		Orientation
			 [ 1.000000 0.000000 -0.000000 ]
			 [ 0.000000 1.000000 -0.000000 ]
			 [ -0.000000 -0.000000 1.000000 ]
	Point
		DataString "Flair-Flair_Blink"
		Position [ 0.000003 510.852783 30.981060 ]
		Orientation
			 [ 1.000000 0.000000 -0.000000 ]
			 [ 0.000000 1.000000 -0.000000 ]
			 [ -0.000000 -0.000000 1.000000 ]
	Point
		DataString "Weapon-0"
		Position [ 887.089111 44.991451 1143.812988 ]
		Orientation
			 [ 1.000000 0.000000 -0.000000 ]
			 [ 0.000000 1.000000 -0.000000 ]
			 [ -0.000000 -0.000000 1.000000 ]
	Point
		DataString "Weapon-0"
		Position [ 827.069702 44.991451 1184.737061 ]
		Orientation
			 [ 1.000000 0.000000 -0.000000 ]
			 [ 0.000000 1.000000 -0.000000 ]
			 [ -0.000000 -0.000000 1.000000 ]
	Point
		DataString "Weapon-0"
		Position [ 773.435242 44.991451 1215.430054 ]
		Orientation
			 [ 1.000000 0.000000 -0.000000 ]
			 [ 0.000000 1.000000 -0.000000 ]
			 [ -0.000000 -0.000000 1.000000 ]
	Point
		DataString "Weapon-0"
		Position [ 718.523865 44.991451 1256.354126 ]
		Orientation
			 [ 1.000000 0.000000 -0.000000 ]
			 [ 0.000000 1.000000 -0.000000 ]
			 [ -0.000000 -0.000000 1.000000 ]
	Point
		DataString "Weapon-0"
		Position [ 658.504395 44.991451 1284.489502 ]
		Orientation
			 [ 1.000000 0.000000 -0.000000 ]
			 [ 0.000000 1.000000 -0.000000 ]
			 [ -0.000000 -0.000000 1.000000 ]
	Point
		DataString "Weapon-0"
		Position [ 493.770264 44.991451 1359.943115 ]
		Orientation
			 [ 1.000000 0.000000 -0.000000 ]
			 [ 0.000000 1.000000 -0.000000 ]
			 [ -0.000000 -0.000000 1.000000 ]
	Point
		DataString "Weapon-0"
		Position [ 432.473816 44.991451 1385.520630 ]
		Orientation
			 [ 1.000000 0.000000 -0.000000 ]
			 [ 0.000000 1.000000 -0.000000 ]
			 [ -0.000000 -0.000000 1.000000 ]
	Point
		DataString "Weapon-0"
		Position [ 368.906738 44.991451 1402.482666 ]
		Orientation
			 [ 1.000000 0.000000 -0.000000 ]
			 [ 0.000000 1.000000 -0.000000 ]
			 [ -0.000000 -0.000000 1.000000 ]
	Point
		DataString "Weapon-0"
		Position [ 319.954712 44.991451 1411.008423 ]
		Orientation
			 [ 1.000000 0.000000 -0.000000 ]
			 [ 0.000000 1.000000 -0.000000 ]
			 [ -0.000000 -0.000000 1.000000 ]
	Point
		DataString "Weapon-0"
		Position [ 251.847549 44.991451 1428.060181 ]
		Orientation
			 [ 1.000000 0.000000 -0.000000 ]
			 [ 0.000000 1.000000 -0.000000 ]
			 [ -0.000000 -0.000000 1.000000 ]
	Point
		DataString "Weapon-0"
		Position [ -188.730499 44.991451 1434.605957 ]
		Orientation
			 [ 1.000000 0.000000 -0.000000 ]
			 [ 0.000000 1.000000 -0.000000 ]
			 [ -0.000000 -0.000000 1.000000 ]
	Point
		DataString "Weapon-0"
		Position [ -257.499481 44.991451 1421.243164 ]
		Orientation
			 [ 1.000000 0.000000 -0.000000 ]
			 [ 0.000000 1.000000 -0.000000 ]
			 [ -0.000000 -0.000000 1.000000 ]
	Point
		DataString "Weapon-0"
		Position [ -325.242065 44.991451 1408.394287 ]
		Orientation
			 [ 1.000000 0.000000 -0.000000 ]
			 [ 0.000000 1.000000 -0.000000 ]
			 [ -0.000000 -0.000000 1.000000 ]
	Point
		DataString "Weapon-0"
		Position [ -471.504456 44.991451 1366.764160 ]
		Orientation
			 [ 1.000000 0.000000 -0.000000 ]
			 [ 0.000000 1.000000 -0.000000 ]
			 [ -0.000000 -0.000000 1.000000 ]
	Point
		DataString "Weapon-0"
		Position [ -471.504456 44.991451 1366.764160 ]
		Orientation
			 [ 1.000000 0.000000 -0.000000 ]
			 [ 0.000000 1.000000 -0.000000 ]
			 [ -0.000000 -0.000000 1.000000 ]
	Point
		DataString "Weapon-0"
		Position [ -634.825684 44.991451 1298.676025 ]
		Orientation
			 [ 1.000000 0.000000 -0.000000 ]
			 [ 0.000000 1.000000 -0.000000 ]
			 [ -0.000000 -0.000000 1.000000 ]
	Point
		DataString "Weapon-0"
		Position [ -696.902466 44.991451 1270.552490 ]
		Orientation
			 [ 1.000000 0.000000 -0.000000 ]
			 [ 0.000000 1.000000 -0.000000 ]
			 [ -0.000000 -0.000000 1.000000 ]
	Point
		DataString "Weapon-0"
		Position [ -753.067261 44.991451 1230.587769 ]
		Orientation
			 [ 1.000000 0.000000 -0.000000 ]
			 [ 0.000000 1.000000 -0.000000 ]
			 [ -0.000000 -0.000000 1.000000 ]
	Point
		DataString "Weapon-0"
		Position [ -806.276001 44.991451 1196.543579 ]
		Orientation
			 [ 1.000000 0.000000 -0.000000 ]
			 [ 0.000000 1.000000 -0.000000 ]
			 [ -0.000000 -0.000000 1.000000 ]
	Point
		DataString "Weapon-0"
		Position [ -860.962708 44.991451 1158.799072 ]
		Orientation
			 [ 1.000000 0.000000 -0.000000 ]
			 [ 0.000000 1.000000 -0.000000 ]
			 [ -0.000000 -0.000000 1.000000 ]
	Point
		DataString "Weapon-0"
		Position [ -1152.956055 44.991451 875.172852 ]
		Orientation
			 [ -0.000000 0.000000 1.000000 ]
			 [ 0.000000 1.000000 -0.000000 ]
			 [ -1.000000 -0.000000 -0.000000 ]
	Point
		DataString "Weapon-0"
		Position [ -1193.255127 44.991451 814.732056 ]
		Orientation
			 [ -0.000000 0.000000 1.000000 ]
			 [ 0.000000 1.000000 -0.000000 ]
			 [ -1.000000 -0.000000 -0.000000 ]
	Point
		DataString "Weapon-0"
		Position [ -1223.390015 44.991451 760.781982 ]
		Orientation
			 [ -0.000000 0.000000 1.000000 ]
			 [ 0.000000 1.000000 -0.000000 ]
			 [ -1.000000 -0.000000 -0.000000 ]
	Point
		DataString "Weapon-0"
		Position [ -1263.742065 44.991451 705.448975 ]
		Orientation
			 [ -0.000000 0.000000 1.000000 ]
			 [ 0.000000 1.000000 -0.000000 ]
			 [ -1.000000 -0.000000 -0.000000 ]
	Point
		DataString "Weapon-0"
		Position [ -1291.253052 44.991451 645.140808 ]
		Orientation
			 [ -0.000000 0.000000 1.000000 ]
			 [ 0.000000 1.000000 -0.000000 ]
			 [ -1.000000 -0.000000 -0.000000 ]
	Point
		DataString "Weapon-0"
		Position [ -1364.993286 44.991451 479.632538 ]
		Orientation
			 [ -0.000000 0.000000 1.000000 ]
			 [ 0.000000 1.000000 -0.000000 ]
			 [ -1.000000 -0.000000 -0.000000 ]
	Point
		DataString "Weapon-0"
		Position [ -1389.933472 44.991451 418.073975 ]
		Orientation
			 [ -0.000000 0.000000 1.000000 ]
			 [ 0.000000 1.000000 -0.000000 ]
			 [ -1.000000 -0.000000 -0.000000 ]
	Point
		DataString "Weapon-0"
		Position [ -1406.234985 44.991451 354.334351 ]
		Orientation
			 [ -0.000000 0.000000 1.000000 ]
			 [ 0.000000 1.000000 -0.000000 ]
			 [ -1.000000 -0.000000 -0.000000 ]
	Point
		DataString "Weapon-0"
		Position [ -1414.252441 44.991451 305.296509 ]
		Orientation
			 [ -0.000000 0.000000 1.000000 ]
			 [ 0.000000 1.000000 -0.000000 ]
			 [ -1.000000 -0.000000 -0.000000 ]
	Point
		DataString "Weapon-0"
		Position [ -1430.596558 44.991451 237.016083 ]
		Orientation
			 [ -0.000000 0.000000 1.000000 ]
			 [ 0.000000 1.000000 -0.000000 ]
			 [ -1.000000 -0.000000 -0.000000 ]
	Point
		DataString "Weapon-0"
		Position [ -1432.570313 44.991451 -203.606171 ]
		Orientation
			 [ -0.000000 0.000000 1.000000 ]
			 [ 0.000000 1.000000 -0.000000 ]
			 [ -1.000000 -0.000000 -0.000000 ]
	Point
		DataString "Weapon-0"
		Position [ -1418.494751 44.991451 -272.232788 ]
		Orientation
			 [ -0.000000 0.000000 1.000000 ]
			 [ 0.000000 1.000000 -0.000000 ]
			 [ -1.000000 -0.000000 -0.000000 ]
	Point
		DataString "Weapon-0"
		Position [ -1404.943726 44.991451 -339.838409 ]
		Orientation
			 [ -0.000000 0.000000 1.000000 ]
			 [ 0.000000 1.000000 -0.000000 ]
			 [ -1.000000 -0.000000 -0.000000 ]
	Point
		DataString "Weapon-0"
		Position [ -1384.021973 44.991451 -424.304077 ]
		Orientation
			 [ -0.000000 0.000000 1.000000 ]
			 [ 0.000000 1.000000 -0.000000 ]
			 [ -1.000000 -0.000000 -0.000000 ]
	Point
		DataString "Weapon-0"
		Position [ -1361.798218 44.991451 -485.660950 ]
		Orientation
			 [ -0.000000 0.000000 1.000000 ]
			 [ 0.000000 1.000000 -0.000000 ]
			 [ -1.000000 -0.000000 -0.000000 ]
	Point
		DataString "Weapon-0"
		Position [ -1292.018921 44.991451 -648.266907 ]
		Orientation
			 [ -0.000000 0.000000 1.000000 ]
			 [ 0.000000 1.000000 -0.000000 ]
			 [ -1.000000 -0.000000 -0.000000 ]
	Point
		DataString "Weapon-0"
		Position [ -1263.253052 44.991451 -710.048584 ]
		Orientation
			 [ -0.000000 0.000000 1.000000 ]
			 [ 0.000000 1.000000 -0.000000 ]
			 [ -1.000000 -0.000000 -0.000000 ]
	Point
		DataString "Weapon-0"
		Position [ -1222.707642 44.991451 -765.795593 ]
		Orientation
			 [ -0.000000 0.000000 1.000000 ]
			 [ 0.000000 1.000000 -0.000000 ]
			 [ -1.000000 -0.000000 -0.000000 ]
	Point
		DataString "Weapon-0"
		Position [ -1188.113159 44.991451 -818.648193 ]
		Orientation
			 [ -0.000000 0.000000 1.000000 ]
			 [ 0.000000 1.000000 -0.000000 ]
			 [ -1.000000 -0.000000 -0.000000 ]
	Point
		DataString "Weapon-0"
		Position [ -1149.803101 44.991451 -872.940369 ]
		Orientation
			 [ -0.000000 0.000000 1.000000 ]
			 [ 0.000000 1.000000 -0.000000 ]
			 [ -1.000000 -0.000000 -0.000000 ]
	Point
		DataString "Weapon-0"
		Position [ -878.751709 44.991451 -1150.230713 ]
		Orientation
			 [ -1.000000 0.000000 -0.000000 ]
			 [ 0.000000 1.000000 -0.000000 ]
			 [ 0.000000 -0.000000 -1.000000 ]
	Point
		DataString "Weapon-0"
		Position [ -818.436401 44.991451 -1190.717407 ]
		Orientation
			 [ -1.000000 0.000000 -0.000000 ]
			 [ 0.000000 1.000000 -0.000000 ]
			 [ 0.000000 -0.000000 -1.000000 ]
	Point
		DataString "Weapon-0"
		Position [ -764.580322 44.991451 -1221.019775 ]
		Orientation
			 [ -1.000000 0.000000 -0.000000 ]
			 [ 0.000000 1.000000 -0.000000 ]
			 [ 0.000000 -0.000000 -1.000000 ]
	Point
		DataString "Weapon-0"
		Position [ -709.372925 44.991451 -1261.543579 ]
		Orientation
			 [ -1.000000 0.000000 -0.000000 ]
			 [ 0.000000 1.000000 -0.000000 ]
			 [ 0.000000 -0.000000 -1.000000 ]
	Point
		DataString "Weapon-0"
		Position [ -649.150574 44.991451 -1289.241943 ]
		Orientation
			 [ -1.000000 0.000000 -0.000000 ]
			 [ 0.000000 1.000000 -0.000000 ]
			 [ 0.000000 -0.000000 -1.000000 ]
	Point
		DataString "Weapon-0"
		Position [ -483.872314 44.991451 -1363.496094 ]
		Orientation
			 [ -1.000000 0.000000 -0.000000 ]
			 [ 0.000000 1.000000 -0.000000 ]
			 [ 0.000000 -0.000000 -1.000000 ]
	Point
		DataString "Weapon-0"
		Position [ -422.391541 44.991451 -1388.627441 ]
		Orientation
			 [ -1.000000 0.000000 -0.000000 ]
			 [ 0.000000 1.000000 -0.000000 ]
			 [ 0.000000 -0.000000 -1.000000 ]
	Point
		DataString "Weapon-0"
		Position [ -358.702881 44.991451 -1405.126953 ]
		Orientation
			 [ -1.000000 0.000000 -0.000000 ]
			 [ 0.000000 1.000000 -0.000000 ]
			 [ 0.000000 -0.000000 -1.000000 ]
	Point
		DataString "Weapon-0"
		Position [ -309.690155 44.991451 -1413.296875 ]
		Orientation
			 [ -1.000000 0.000000 -0.000000 ]
			 [ 0.000000 1.000000 -0.000000 ]
			 [ 0.000000 -0.000000 -1.000000 ]
	Point
		DataString "Weapon-0"
		Position [ -241.460876 44.991451 -1429.853027 ]
		Orientation
			 [ -1.000000 0.000000 -0.000000 ]
			 [ 0.000000 1.000000 -0.000000 ]
			 [ 0.000000 -0.000000 -1.000000 ]
	Point
		DataString "Weapon-0"
		Position [ 199.153122 44.991451 -1433.196167 ]
		Orientation
			 [ -1.000000 0.000000 -0.000000 ]
			 [ 0.000000 1.000000 -0.000000 ]
			 [ 0.000000 -0.000000 -1.000000 ]
	Point
		DataString "Weapon-0"
		Position [ 267.823181 44.991451 -1419.333862 ]
		Orientation
			 [ -1.000000 0.000000 -0.000000 ]
			 [ 0.000000 1.000000 -0.000000 ]
			 [ 0.000000 -0.000000 -1.000000 ]
	Point
		DataString "Weapon-0"
		Position [ 335.470581 44.991451 -1405.993164 ]
		Orientation
			 [ -1.000000 0.000000 -0.000000 ]
			 [ 0.000000 1.000000 -0.000000 ]
			 [ 0.000000 -0.000000 -1.000000 ]
	Point
		DataString "Weapon-0"
		Position [ 420.000854 44.991451 -1385.333984 ]
		Orientation
			 [ -1.000000 0.000000 -0.000000 ]
			 [ 0.000000 1.000000 -0.000000 ]
			 [ 0.000000 -0.000000 -1.000000 ]
	Point
		DataString "Weapon-0"
		Position [ 481.426514 44.991451 -1363.301025 ]
		Orientation
			 [ -1.000000 0.000000 -0.000000 ]
			 [ 0.000000 1.000000 -0.000000 ]
			 [ 0.000000 -0.000000 -1.000000 ]
	Point
		DataString "Weapon-0"
		Position [ 644.248535 44.991451 -1294.027344 ]
		Orientation
			 [ -1.000000 0.000000 -0.000000 ]
			 [ 0.000000 1.000000 -0.000000 ]
			 [ 0.000000 -0.000000 -1.000000 ]
	Point
		DataString "Weapon-0"
		Position [ 706.119263 44.991451 -1265.453491 ]
		Orientation
			 [ -1.000000 0.000000 -0.000000 ]
			 [ 0.000000 1.000000 -0.000000 ]
			 [ 0.000000 -0.000000 -1.000000 ]
	Point
		DataString "Weapon-0"
		Position [ 761.992065 44.991451 -1225.081543 ]
		Orientation
			 [ -1.000000 0.000000 -0.000000 ]
			 [ 0.000000 1.000000 -0.000000 ]
			 [ 0.000000 -0.000000 -1.000000 ]
	Point
		DataString "Weapon-0"
		Position [ 814.951904 44.991451 -1190.651611 ]
		Orientation
			 [ -1.000000 0.000000 -0.000000 ]
			 [ 0.000000 1.000000 -0.000000 ]
			 [ 0.000000 -0.000000 -1.000000 ]
	Point
		DataString "Weapon-0"
		Position [ 869.362854 44.991451 -1152.510376 ]
		Orientation
			 [ -1.000000 0.000000 -0.000000 ]
			 [ 0.000000 1.000000 -0.000000 ]
			 [ 0.000000 -0.000000 -1.000000 ]
	Point
		DataString "Weapon-0"
		Position [ 1160.700317 44.991451 -864.875732 ]
		Orientation
			 [ -0.000000 0.000000 -1.000000 ]
			 [ 0.000000 1.000000 -0.000000 ]
			 [ 1.000000 -0.000000 -0.000000 ]
	Point
		DataString "Weapon-0"
		Position [ 1200.459717 44.991451 -804.078613 ]
		Orientation
			 [ -0.000000 0.000000 -1.000000 ]
			 [ 0.000000 1.000000 -0.000000 ]
			 [ 1.000000 -0.000000 -0.000000 ]
	Point
		DataString "Weapon-0"
		Position [ 1230.113159 44.991451 -749.862549 ]
		Orientation
			 [ -0.000000 0.000000 -1.000000 ]
			 [ 0.000000 1.000000 -0.000000 ]
			 [ 1.000000 -0.000000 -0.000000 ]
	Point
		DataString "Weapon-0"
		Position [ 1269.971313 44.991451 -694.172485 ]
		Orientation
			 [ -0.000000 0.000000 -1.000000 ]
			 [ 0.000000 1.000000 -0.000000 ]
			 [ 1.000000 -0.000000 -0.000000 ]
	Point
		DataString "Weapon-0"
		Position [ 1296.944336 44.991451 -633.621826 ]
		Orientation
			 [ -0.000000 0.000000 -1.000000 ]
			 [ 0.000000 1.000000 -0.000000 ]
			 [ 1.000000 -0.000000 -0.000000 ]
	Point
		DataString "Weapon-0"
		Position [ 1369.208496 44.991451 -467.463745 ]
		Orientation
			 [ -0.000000 0.000000 -1.000000 ]
			 [ 0.000000 1.000000 -0.000000 ]
			 [ 1.000000 -0.000000 -0.000000 ]
	Point
		DataString "Weapon-0"
		Position [ 1393.599731 44.991451 -405.685669 ]
		Orientation
			 [ -0.000000 0.000000 -1.000000 ]
			 [ 0.000000 1.000000 -0.000000 ]
			 [ 1.000000 -0.000000 -0.000000 ]
	Point
		DataString "Weapon-0"
		Position [ 1409.333252 44.991451 -341.803436 ]
		Orientation
			 [ -0.000000 0.000000 -1.000000 ]
			 [ 0.000000 1.000000 -0.000000 ]
			 [ 1.000000 -0.000000 -0.000000 ]
	Point
		DataString "Weapon-0"
		Position [ 1416.913818 44.991451 -292.696167 ]
		Orientation
			 [ -0.000000 0.000000 -1.000000 ]
			 [ 0.000000 1.000000 -0.000000 ]
			 [ 1.000000 -0.000000 -0.000000 ]
	Point
		DataString "Weapon-0"
		Position [ 1432.649536 44.991451 -224.272964 ]
		Orientation
			 [ -0.000000 0.000000 -1.000000 ]
			 [ 0.000000 1.000000 -0.000000 ]
			 [ 1.000000 -0.000000 -0.000000 ]
	Point
		DataString "Weapon-0"
		Position [ 1430.701294 44.991451 216.349396 ]
		Orientation
			 [ -0.000000 0.000000 -1.000000 ]
			 [ 0.000000 1.000000 -0.000000 ]
			 [ 1.000000 -0.000000 -0.000000 ]
	Point
		DataString "Weapon-0"
		Position [ 1416.015381 44.991451 284.848022 ]
		Orientation
			 [ -0.000000 0.000000 -1.000000 ]
			 [ 0.000000 1.000000 -0.000000 ]
			 [ 1.000000 -0.000000 -0.000000 ]
	Point
		DataString "Weapon-0"
		Position [ 1401.863159 44.991451 352.330353 ]
		Orientation
			 [ -0.000000 0.000000 -1.000000 ]
			 [ 0.000000 1.000000 -0.000000 ]
			 [ 1.000000 -0.000000 -0.000000 ]
	Point
		DataString "Weapon-0"
		Position [ 1380.190552 44.991451 436.606445 ]
		Orientation
			 [ -0.000000 0.000000 -1.000000 ]
			 [ 0.000000 1.000000 -0.000000 ]
			 [ 1.000000 -0.000000 -0.000000 ]
	Point
		DataString "Weapon-0"
		Position [ 1357.421387 44.991451 497.763062 ]
		Orientation
			 [ -0.000000 0.000000 -1.000000 ]
			 [ 0.000000 1.000000 -0.000000 ]
			 [ 1.000000 -0.000000 -0.000000 ]
	Point
		DataString "Weapon-0"
		Position [ 1286.197510 44.991451 659.741455 ]
		Orientation
			 [ -0.000000 0.000000 -1.000000 ]
			 [ 0.000000 1.000000 -0.000000 ]
			 [ 1.000000 -0.000000 -0.000000 ]
	Point
		DataString "Weapon-0"
		Position [ 1256.882813 44.991451 721.264648 ]
		Orientation
			 [ -0.000000 0.000000 -1.000000 ]
			 [ 0.000000 1.000000 -0.000000 ]
			 [ 1.000000 -0.000000 -0.000000 ]
	Point
		DataString "Weapon-0"
		Position [ 1215.842773 44.991451 776.648560 ]
		Orientation
			 [ -0.000000 0.000000 -1.000000 ]
			 [ 0.000000 1.000000 -0.000000 ]
			 [ 1.000000 -0.000000 -0.000000 ]
	Point
		DataString "Weapon-0"
		Position [ 1180.779297 44.991451 829.191162 ]
		Orientation
			 [ -0.000000 0.000000 -1.000000 ]
			 [ 0.000000 1.000000 -0.000000 ]
			 [ 1.000000 -0.000000 -0.000000 ]
	Point
		DataString "Weapon-0"
		Position [ 1141.987549 44.991451 883.140137 ]
		Orientation
			 [ -0.000000 0.000000 -1.000000 ]
			 [ 0.000000 1.000000 -0.000000 ]
			 [ 1.000000 -0.000000 -0.000000 ]
	Point
		DataString "Weapon-1"
		Position [ 305.970093 -181.090912 667.918335 ]
		Orientation
			 [ 1.000000 0.000000 -0.000000 ]
			 [ 0.000000 1.000000 -0.000000 ]
			 [ -0.000000 -0.000000 1.000000 ]
	Point
		DataString "Weapon-1"
		Position [ 277.435394 -181.090912 679.453552 ]
		Orientation
			 [ 1.000000 0.000000 -0.000000 ]
			 [ 0.000000 1.000000 -0.000000 ]
			 [ -0.000000 -0.000000 1.000000 ]
	Point
		DataString "Weapon-1"
		Position [ 247.203308 -181.090912 690.451416 ]
		Orientation
			 [ 1.000000 0.000000 -0.000000 ]
			 [ 0.000000 1.000000 -0.000000 ]
			 [ -0.000000 -0.000000 1.000000 ]
	Point
		DataString "Weapon-1"
		Position [ -299.817841 -181.090912 659.901794 ]
		Orientation
			 [ 1.000000 0.000000 -0.000000 ]
			 [ 0.000000 1.000000 -0.000000 ]
			 [ -0.000000 -0.000000 1.000000 ]
	Point
		DataString "Weapon-1"
		Position [ 27.825373 -181.090912 728.943909 ]
		Orientation
			 [ 1.000000 0.000000 -0.000000 ]
			 [ 0.000000 1.000000 -0.000000 ]
			 [ -0.000000 -0.000000 1.000000 ]
	Point
		DataString "Weapon-1"
		Position [ -15.948697 -181.090912 728.943909 ]
		Orientation
			 [ 1.000000 0.000000 -0.000000 ]
			 [ 0.000000 1.000000 -0.000000 ]
			 [ -0.000000 -0.000000 1.000000 ]
	Point
		DataString "Weapon-1"
		Position [ 13.895088 -181.090912 728.943909 ]
		Orientation
			 [ 1.000000 0.000000 -0.000000 ]
			 [ 0.000000 1.000000 -0.000000 ]
			 [ -0.000000 -0.000000 1.000000 ]
	Point
		DataString "Weapon-1"
		Position [ -30.625145 -181.090912 728.943909 ]
		Orientation
			 [ 1.000000 0.000000 -0.000000 ]
			 [ 0.000000 1.000000 -0.000000 ]
			 [ -0.000000 -0.000000 1.000000 ]
	Point
		DataString "Weapon-1"
		Position [ -252.345779 -181.090912 684.952454 ]
		Orientation
			 [ 1.000000 0.000000 -0.000000 ]
			 [ 0.000000 1.000000 -0.000000 ]
			 [ -0.000000 -0.000000 1.000000 ]
	Point
		DataString "Weapon-1"
		Position [ -271.550354 -181.090912 673.954590 ]
		Orientation
			 [ 1.000000 0.000000 -0.000000 ]
			 [ 0.000000 1.000000 -0.000000 ]
			 [ -0.000000 -0.000000 1.000000 ]
	Point
		DataString "Weapon-1"
		Position [ -669.968018 -181.090912 301.455505 ]
		Orientation
			 [ -0.000000 0.000000 1.000000 ]
			 [ 0.000000 1.000000 -0.000000 ]
			 [ -1.000000 -0.000000 -0.000000 ]
	Point
		DataString "Weapon-1"
		Position [ -681.310425 -181.090912 272.843628 ]
		Orientation
			 [ -0.000000 0.000000 1.000000 ]
			 [ 0.000000 1.000000 -0.000000 ]
			 [ -1.000000 -0.000000 -0.000000 ]
	Point
		DataString "Weapon-1"
		Position [ -692.104004 -181.090912 242.537994 ]
		Orientation
			 [ -0.000000 0.000000 1.000000 ]
			 [ 0.000000 1.000000 -0.000000 ]
			 [ -1.000000 -0.000000 -0.000000 ]
	Point
		DataString "Weapon-1"
		Position [ -657.863403 -181.090912 -304.264526 ]
		Orientation
			 [ -0.000000 0.000000 1.000000 ]
			 [ 0.000000 1.000000 -0.000000 ]
			 [ -1.000000 -0.000000 -0.000000 ]
	Point
		DataString "Weapon-1"
		Position [ -729.115112 -181.090912 22.905273 ]
		Orientation
			 [ -0.000000 0.000000 1.000000 ]
			 [ 0.000000 1.000000 -0.000000 ]
			 [ -1.000000 -0.000000 -0.000000 ]
	Point
		DataString "Weapon-1"
		Position [ -728.819702 -181.090912 -20.867800 ]
		Orientation
			 [ -0.000000 0.000000 1.000000 ]
			 [ 0.000000 1.000000 -0.000000 ]
			 [ -1.000000 -0.000000 -0.000000 ]
	Point
		DataString "Weapon-1"
		Position [ -729.021118 -181.090912 8.975306 ]
		Orientation
			 [ -0.000000 0.000000 1.000000 ]
			 [ 0.000000 1.000000 -0.000000 ]
			 [ -1.000000 -0.000000 -0.000000 ]
	Point
		DataString "Weapon-1"
		Position [ -728.720642 -181.090912 -35.543911 ]
		Orientation
			 [ -0.000000 0.000000 1.000000 ]
			 [ 0.000000 1.000000 -0.000000 ]
			 [ -1.000000 -0.000000 -0.000000 ]
	Point
		DataString "Weapon-1"
		Position [ -683.233826 -181.090912 -256.962585 ]
		Orientation
			 [ -0.000000 0.000000 1.000000 ]
			 [ 0.000000 1.000000 -0.000000 ]
			 [ -1.000000 -0.000000 -0.000000 ]
	Point
		DataString "Weapon-1"
		Position [ -672.106689 -181.090912 -276.092499 ]
		Orientation
			 [ -0.000000 0.000000 1.000000 ]
			 [ 0.000000 1.000000 -0.000000 ]
			 [ -1.000000 -0.000000 -0.000000 ]
	Point
		DataString "Weapon-1"
		Position [ -323.740295 -181.090912 -659.488281 ]
		Orientation
			 [ -1.000000 0.000000 -0.000000 ]
			 [ 0.000000 1.000000 -0.000000 ]
			 [ 0.000000 -0.000000 -1.000000 ]
	Point
		DataString "Weapon-1"
		Position [ -295.524658 -181.090912 -671.783264 ]
		Orientation
			 [ -1.000000 0.000000 -0.000000 ]
			 [ 0.000000 1.000000 -0.000000 ]
			 [ 0.000000 -0.000000 -1.000000 ]
	Point
		DataString "Weapon-1"
		Position [ -265.597809 -181.090912 -683.586426 ]
		Orientation
			 [ -1.000000 0.000000 -0.000000 ]
			 [ 0.000000 1.000000 -0.000000 ]
			 [ 0.000000 -0.000000 -1.000000 ]
	Point
		DataString "Weapon-1"
		Position [ 282.045105 -181.090912 -667.691284 ]
		Orientation
			 [ -1.000000 0.000000 -0.000000 ]
			 [ 0.000000 1.000000 -0.000000 ]
			 [ 0.000000 -0.000000 -1.000000 ]
	Point
		DataString "Weapon-1"
		Position [ -47.328915 -181.090912 -727.937866 ]
		Orientation
			 [ -1.000000 0.000000 -0.000000 ]
			 [ 0.000000 1.000000 -0.000000 ]
			 [ 0.000000 -0.000000 -1.000000 ]
	Point
		DataString "Weapon-1"
		Position [ -3.570529 -181.090912 -729.109619 ]
		Orientation
			 [ -1.000000 0.000000 -0.000000 ]
			 [ 0.000000 1.000000 -0.000000 ]
			 [ 0.000000 -0.000000 -1.000000 ]
	Point
		DataString "Weapon-1"
		Position [ -33.403622 -181.090912 -728.310730 ]
		Orientation
			 [ -1.000000 0.000000 -0.000000 ]
			 [ 0.000000 1.000000 -0.000000 ]
			 [ 0.000000 -0.000000 -1.000000 ]
	Point
		DataString "Weapon-1"
		Position [ 11.100659 -181.090912 -729.502563 ]
		Orientation
			 [ -1.000000 0.000000 -0.000000 ]
			 [ 0.000000 1.000000 -0.000000 ]
			 [ 0.000000 -0.000000 -1.000000 ]
	Point
		DataString "Weapon-1"
		Position [ 233.919464 -181.090912 -691.462158 ]
		Orientation
			 [ -1.000000 0.000000 -0.000000 ]
			 [ 0.000000 1.000000 -0.000000 ]
			 [ 0.000000 -0.000000 -1.000000 ]
	Point
		DataString "Weapon-1"
		Position [ 253.411545 -181.090912 -680.982361 ]
		Orientation
			 [ -1.000000 0.000000 -0.000000 ]
			 [ 0.000000 1.000000 -0.000000 ]
			 [ 0.000000 -0.000000 -1.000000 ]
	Point
		DataString "Weapon-1"
		Position [ 670.675171 -181.090912 -299.878937 ]
		Orientation
			 [ -0.000000 0.000000 -1.000000 ]
			 [ 0.000000 1.000000 -0.000000 ]
			 [ 1.000000 -0.000000 -0.000000 ]
	Point
		DataString "Weapon-1"
		Position [ 681.950195 -181.090912 -271.240479 ]
		Orientation
			 [ -0.000000 0.000000 -1.000000 ]
			 [ 0.000000 1.000000 -0.000000 ]
			 [ 1.000000 -0.000000 -0.000000 ]
	Point
		DataString "Weapon-1"
		Position [ 692.672485 -181.090912 -240.909546 ]
		Orientation
			 [ -0.000000 0.000000 -1.000000 ]
			 [ 0.000000 1.000000 -0.000000 ]
			 [ 1.000000 -0.000000 -0.000000 ]
	Point
		DataString "Weapon-1"
		Position [ 657.145935 -181.090912 305.810944 ]
		Orientation
			 [ -0.000000 0.000000 -1.000000 ]
			 [ 0.000000 1.000000 -0.000000 ]
			 [ 1.000000 -0.000000 -0.000000 ]
	Point
		DataString "Weapon-1"
		Position [ 729.166992 -181.090912 -21.190378 ]
		Orientation
			 [ -0.000000 0.000000 -1.000000 ]
			 [ 0.000000 1.000000 -0.000000 ]
			 [ 1.000000 -0.000000 -0.000000 ]
	Point
		DataString "Weapon-1"
		Position [ 728.768616 -181.090912 22.581881 ]
		Orientation
			 [ -0.000000 0.000000 -1.000000 ]
			 [ 0.000000 1.000000 -0.000000 ]
			 [ 1.000000 -0.000000 -0.000000 ]
	Point
		DataString "Weapon-1"
		Position [ 729.040161 -181.090912 -7.260669 ]
		Orientation
			 [ -0.000000 0.000000 -1.000000 ]
			 [ 0.000000 1.000000 -0.000000 ]
			 [ 1.000000 -0.000000 -0.000000 ]
	Point
		DataString "Weapon-1"
		Position [ 728.635010 -181.090912 37.257717 ]
		Orientation
			 [ -0.000000 0.000000 -1.000000 ]
			 [ 0.000000 1.000000 -0.000000 ]
			 [ 1.000000 -0.000000 -0.000000 ]
	Point
		DataString "Weapon-1"
		Position [ 682.627625 -181.090912 258.568817 ]
		Orientation
			 [ -0.000000 0.000000 -1.000000 ]
			 [ 0.000000 1.000000 -0.000000 ]
			 [ 1.000000 -0.000000 -0.000000 ]
	Point
		DataString "Weapon-1"
		Position [ 671.455444 -181.090912 277.672485 ]
		Orientation
			 [ -0.000000 0.000000 -1.000000 ]
			 [ 0.000000 1.000000 -0.000000 ]
			 [ 1.000000 -0.000000 -0.000000 ]
	Point
		DataString "Weapon-2"
		Position [ 95.056648 304.927826 256.389984 ]
		Orientation
			 [ 1.000000 0.000000 -0.000000 ]
			 [ 0.000000 0.766044 0.642788 ]
			 [ -0.000000 -0.642788 0.766044 ]
	Point
		DataString "Weapon-2"
		Position [ -113.851768 304.927826 256.389984 ]
		Orientation
			 [ 1.000000 0.000000 -0.000000 ]
			 [ 0.000000 0.766044 0.642788 ]
			 [ -0.000000 -0.642788 0.766044 ]
	Point
		DataString "Weapon-2"
		Position [ 3.352498 310.680817 256.389984 ]
		Orientation
			 [ 1.000000 0.000000 -0.000000 ]
			 [ 0.000000 0.766044 0.642788 ]
			 [ -0.000000 -0.642788 0.766044 ]
	Point
		DataString "Weapon-2"
		Position [ 117.953087 310.680817 256.389984 ]
		Orientation
			 [ 1.000000 0.000000 -0.000000 ]
			 [ 0.000000 0.766044 0.642788 ]
			 [ -0.000000 -0.642788 0.766044 ]
	Point
		DataString "Weapon-2"
		Position [ -199.971024 304.925842 203.352463 ]
		Orientation
			 [ 1.000000 0.000000 -0.000000 ]
			 [ 0.000000 0.766044 0.642788 ]
			 [ -0.000000 -0.642788 0.766044 ]
	Point
		DataString "Weapon-2"
		Position [ -86.075356 313.543304 239.789215 ]
		Orientation
			 [ 1.000000 0.000000 -0.000000 ]
			 [ 0.000000 0.766044 0.642788 ]
			 [ -0.000000 -0.642788 0.766044 ]
	Point
		DataString "Weapon-2"
		Position [ -5.510396 313.543304 259.399048 ]
		Orientation
			 [ 1.000000 0.000000 -0.000000 ]
			 [ 0.000000 0.766044 0.642788 ]
			 [ -0.000000 -0.642788 0.766044 ]
	Point
		DataString "Weapon-2"
		Position [ 89.707878 331.893188 266.834991 ]
		Orientation
			 [ 1.000000 0.000000 -0.000000 ]
			 [ 0.000000 0.766044 0.642788 ]
			 [ -0.000000 -0.642788 0.766044 ]
	Point
		DataString "Weapon-2"
		Position [ 15.471484 304.468048 277.975250 ]
		Orientation
			 [ 1.000000 0.000000 -0.000000 ]
			 [ 0.000000 0.766044 0.642788 ]
			 [ -0.000000 -0.642788 0.766044 ]
	Point
		DataString "Weapon-2"
		Position [ -94.730392 305.902710 259.965576 ]
		Orientation
			 [ 1.000000 0.000000 -0.000000 ]
			 [ 0.000000 0.766044 0.642788 ]
			 [ -0.000000 -0.642788 0.766044 ]
	Point
		DataString "Weapon-2"
		Position [ -12.130236 305.902710 280.070801 ]
		Orientation
			 [ 1.000000 0.000000 -0.000000 ]
			 [ 0.000000 0.766044 0.642788 ]
			 [ -0.000000 -0.642788 0.766044 ]
	Point
		DataString "Weapon-2"
		Position [ -180.974274 310.818726 193.154282 ]
		Orientation
			 [ 1.000000 0.000000 -0.000000 ]
			 [ 0.000000 0.766044 0.642788 ]
			 [ -0.000000 -0.642788 0.766044 ]
	Point
		DataString "Weapon-2"
		Position [ -105.314415 316.382660 235.035965 ]
		Orientation
			 [ 1.000000 0.000000 -0.000000 ]
			 [ 0.000000 0.766044 0.642788 ]
			 [ -0.000000 -0.642788 0.766044 ]
	Point
		DataString "Weapon-2"
		Position [ -196.550888 314.003479 180.684128 ]
		Orientation
			 [ 1.000000 0.000000 -0.000000 ]
			 [ 0.000000 0.766044 0.642788 ]
			 [ -0.000000 -0.642788 0.766044 ]
	Point
		DataString "Weapon-2"
		Position [ 112.568748 312.803558 239.529190 ]
		Orientation
			 [ 1.000000 0.000000 -0.000000 ]
			 [ 0.000000 0.766044 0.642788 ]
			 [ -0.000000 -0.642788 0.766044 ]
	Point
		DataString "Weapon-2"
		Position [ -210.042160 303.072174 186.948959 ]
		Orientation
			 [ 1.000000 0.000000 -0.000000 ]
			 [ 0.000000 0.766044 0.642788 ]
			 [ -0.000000 -0.642788 0.766044 ]
	Point
		DataString "Weapon-2"
		Position [ -112.227837 313.289368 244.091782 ]
		Orientation
			 [ 1.000000 0.000000 -0.000000 ]
			 [ 0.000000 0.766044 0.642788 ]
			 [ -0.000000 -0.642788 0.766044 ]
	Point
		DataString "Weapon-2"
		Position [ 103.985329 306.363281 261.305908 ]
		Orientation
			 [ 1.000000 0.000000 -0.000000 ]
			 [ 0.000000 0.766044 0.642788 ]
			 [ -0.000000 -0.642788 0.766044 ]
	Point
		DataString "Weapon-2"
		Position [ 103.985329 306.363281 261.305908 ]
		Orientation
			 [ 1.000000 0.000000 -0.000000 ]
			 [ 0.000000 0.766044 0.642788 ]
			 [ -0.000000 -0.642788 0.766044 ]
	Point
		DataString "Weapon-2"
		Position [ -186.866806 304.306030 206.989212 ]
		Orientation
			 [ 1.000000 0.000000 -0.000000 ]
			 [ 0.000000 0.766044 0.642788 ]
			 [ -0.000000 -0.642788 0.766044 ]
	Point
		DataString "Weapon-2"
		Position [ -256.841125 304.927826 93.830826 ]
		Orientation
			 [ -0.000000 0.000000 1.000000 ]
			 [ -0.642788 0.766044 -0.000000 ]
			 [ -0.766044 -0.642788 -0.000000 ]
	Point
		DataString "Weapon-2"
		Position [ -255.843216 304.927826 -115.075203 ]
		Orientation
			 [ -0.000000 0.000000 1.000000 ]
			 [ -0.642788 0.766044 -0.000000 ]
			 [ -0.766044 -0.642788 -0.000000 ]
	Point
		DataString "Weapon-2"
		Position [ -256.403076 310.680817 2.127719 ]
		Orientation
			 [ -0.000000 0.000000 1.000000 ]
			 [ -0.642788 0.766044 -0.000000 ]
			 [ -0.766044 -0.642788 -0.000000 ]
	Point
		DataString "Weapon-2"
		Position [ -256.950500 310.680817 116.726997 ]
		Orientation
			 [ -0.000000 0.000000 1.000000 ]
			 [ -0.642788 0.766044 -0.000000 ]
			 [ -0.766044 -0.642788 -0.000000 ]
	Point
		DataString "Weapon-2"
		Position [ -202.394913 304.925842 -200.940140 ]
		Orientation
			 [ -0.000000 0.000000 1.000000 ]
			 [ -0.642788 0.766044 -0.000000 ]
			 [ -0.766044 -0.642788 -0.000000 ]
	Point
		DataString "Weapon-2"
		Position [ -239.375336 313.543304 -87.219810 ]
		Orientation
			 [ -0.000000 0.000000 1.000000 ]
			 [ -0.642788 0.766044 -0.000000 ]
			 [ -0.766044 -0.642788 -0.000000 ]
	Point
		DataString "Weapon-2"
		Position [ -259.369751 313.543304 -6.749448 ]
		Orientation
			 [ -0.000000 0.000000 1.000000 ]
			 [ -0.642788 0.766044 -0.000000 ]
			 [ -0.766044 -0.642788 -0.000000 ]
	Point
		DataString "Weapon-2"
		Position [ -247.062149 312.790985 88.432220 ]
		Orientation
			 [ -0.000000 0.000000 1.000000 ]
			 [ -0.642788 0.766044 -0.000000 ]
			 [ -0.766044 -0.642788 -0.000000 ]
	Point
		DataString "Weapon-2"
		Position [ -278.045959 304.468048 14.143458 ]
		Orientation
			 [ -0.000000 0.000000 1.000000 ]
			 [ -0.642788 0.766044 -0.000000 ]
			 [ -0.766044 -0.642788 -0.000000 ]
	Point
		DataString "Weapon-2"
		Position [ -259.510132 305.902710 -95.971130 ]
		Orientation
			 [ -0.000000 0.000000 1.000000 ]
			 [ -0.642788 0.766044 -0.000000 ]
			 [ -0.766044 -0.642788 -0.000000 ]
	Point
		DataString "Weapon-2"
		Position [ -280.009644 305.902710 -13.467958 ]
		Orientation
			 [ -0.000000 0.000000 1.000000 ]
			 [ -0.642788 0.766044 -0.000000 ]
			 [ -0.766044 -0.642788 -0.000000 ]
	Point
		DataString "Weapon-2"
		Position [ -192.287613 310.818726 -181.894882 ]
		Orientation
			 [ -0.000000 0.000000 1.000000 ]
			 [ -0.642788 0.766044 -0.000000 ]
			 [ -0.766044 -0.642788 -0.000000 ]
	Point
		DataString "Weapon-2"
		Position [ -234.530197 316.382660 -106.435951 ]
		Orientation
			 [ -0.000000 0.000000 1.000000 ]
			 [ -0.642788 0.766044 -0.000000 ]
			 [ -0.766044 -0.642788 -0.000000 ]
	Point
		DataString "Weapon-2"
		Position [ -179.743164 314.003479 -197.411728 ]
		Orientation
			 [ -0.000000 0.000000 1.000000 ]
			 [ -0.642788 0.766044 -0.000000 ]
			 [ -0.766044 -0.642788 -0.000000 ]
	Point
		DataString "Weapon-2"
		Position [ -240.064209 312.803558 111.423256 ]
		Orientation
			 [ -0.000000 0.000000 1.000000 ]
			 [ -0.642788 0.766044 -0.000000 ]
			 [ -0.766044 -0.642788 -0.000000 ]
	Point
		DataString "Weapon-2"
		Position [ -185.943497 303.072174 -210.932785 ]
		Orientation
			 [ -0.000000 0.000000 1.000000 ]
			 [ -0.642788 0.766044 -0.000000 ]
			 [ -0.766044 -0.642788 -0.000000 ]
	Point
		DataString "Weapon-2"
		Position [ -243.552902 313.289368 -113.392548 ]
		Orientation
			 [ -0.000000 0.000000 1.000000 ]
			 [ -0.642788 0.766044 -0.000000 ]
			 [ -0.766044 -0.642788 -0.000000 ]
	Point
		DataString "Weapon-2"
		Position [ -273.707153 308.898621 1.525880 ]
		Orientation
			 [ -0.000000 0.000000 1.000000 ]
			 [ -0.642788 0.766044 -0.000000 ]
			 [ -0.766044 -0.642788 -0.000000 ]
	Point
		DataString "Weapon-2"
		Position [ -261.799652 306.363281 102.735924 ]
		Orientation
			 [ -0.000000 0.000000 1.000000 ]
			 [ -0.642788 0.766044 -0.000000 ]
			 [ -0.766044 -0.642788 -0.000000 ]
	Point
		DataString "Weapon-2"
		Position [ -206.094223 304.306030 -187.853439 ]
		Orientation
			 [ -0.000000 0.000000 1.000000 ]
			 [ -0.642788 0.766044 -0.000000 ]
			 [ -0.766044 -0.642788 -0.000000 ]
	Point
		DataString "Weapon-2"
		Position [ -91.915962 304.927826 -257.532593 ]
		Orientation
			 [ -1.000000 0.000000 -0.000000 ]
			 [ 0.000000 0.766044 -0.642788 ]
			 [ 0.000000 -0.642788 -0.766044 ]
	Point
		DataString "Weapon-2"
		Position [ 116.976860 304.927826 -254.979355 ]
		Orientation
			 [ -1.000000 0.000000 -0.000000 ]
			 [ 0.000000 0.766044 -0.642788 ]
			 [ 0.000000 -0.642788 -0.766044 ]
	Point
		DataString "Weapon-2"
		Position [ -0.218655 310.680817 -256.411804 ]
		Orientation
			 [ -1.000000 0.000000 -0.000000 ]
			 [ 0.000000 0.766044 -0.642788 ]
			 [ 0.000000 -0.642788 -0.766044 ]
	Point
		DataString "Weapon-2"
		Position [ -114.810692 310.680817 -257.812439 ]
		Orientation
			 [ -1.000000 0.000000 -0.000000 ]
			 [ 0.000000 0.766044 -0.642788 ]
			 [ 0.000000 -0.642788 -0.766044 ]
	Point
		DataString "Weapon-2"
		Position [ 202.441452 304.925842 -200.893219 ]
		Orientation
			 [ -1.000000 0.000000 -0.000000 ]
			 [ 0.000000 0.766044 -0.642788 ]
			 [ 0.000000 -0.642788 -0.766044 ]
	Point
		DataString "Weapon-2"
		Position [ 88.999619 313.543304 -238.719330 ]
		Orientation
			 [ -1.000000 0.000000 -0.000000 ]
			 [ 0.000000 0.766044 -0.642788 ]
			 [ 0.000000 -0.642788 -0.766044 ]
	Point
		DataString "Weapon-2"
		Position [ 8.680354 313.543304 -259.312347 ]
		Orientation
			 [ -1.000000 0.000000 -0.000000 ]
			 [ 0.000000 0.766044 -0.642788 ]
			 [ 0.000000 -0.642788 -0.766044 ]
	Point
		DataString "Weapon-2"
		Position [ -89.767815 312.110291 -244.978775 ]
		Orientation
			 [ -1.000000 0.000000 -0.000000 ]
			 [ 0.000000 0.766044 -0.642788 ]
			 [ 0.000000 -0.642788 -0.766044 ]
	Point
		DataString "Weapon-2"
		Position [ -12.072921 304.468048 -278.143555 ]
		Orientation
			 [ -1.000000 0.000000 -0.000000 ]
			 [ 0.000000 0.766044 -0.642788 ]
			 [ 0.000000 -0.642788 -0.766044 ]
	Point
		DataString "Weapon-2"
		Position [ 97.900612 305.902710 -258.788391 ]
		Orientation
			 [ -1.000000 0.000000 -0.000000 ]
			 [ 0.000000 0.766044 -0.642788 ]
			 [ 0.000000 -0.642788 -0.766044 ]
	Point
		DataString "Weapon-2"
		Position [ 15.552349 305.902710 -279.901611 ]
		Orientation
			 [ -1.000000 0.000000 -0.000000 ]
			 [ 0.000000 0.766044 -0.642788 ]
			 [ 0.000000 -0.642788 -0.766044 ]
	Point
		DataString "Weapon-2"
