TXT
MeshData
    maxDiffuseMipLevel 0
	hasValidTangents TRUE
    BoundingRadius 1600.309231
	MaxBoundingExtents [ 1565.999925  513.052950  1565.999925 ]
	MinBoundingExtents [ -1565.999925 -513.052950 -1565.999925 ]
	NumMaterials 1
	Material
		DiffuseTextureFileName "Titan_CylonBoomer-cl.DDS"
		SelfIlluminationTextureFileName "Titan_CylonBoomer-da.DDS"
		NormalTextureFileName "Titan_CylonBoomer-nm.DDS"
		DisplacementTextureFileName ""
		TeamColorTextureFileName ""
		Diffuse ffffffff
		Ambient ffffffff
		Specular ffffffff
		Emissive ffffffff
		Glossiness 50.000000
	NumPoints 118
	Point
		DataString "Above"
		Position [ 0.000000  827.263650  0.000000 ]
		Orientation
			 [ 1.000000  0.000000  0.000000 ]
			 [ 0.000000  1.000000  0.000000 ]
			 [ 0.000000  0.000000  1.000000 ]
	Point
		DataString "Aura"
		Position [ -10.861800 -827.263650  0.000000 ]
		Orientation
			 [ 1.000000  0.000000  0.000000 ]
			 [ 0.000000  1.000000  0.000000 ]
			 [ 0.000000  0.000000  1.000000 ]
	Point
		DataString "Center"
		Position [ 0.000000  0.000000  0.000000 ]
		Orientation
			 [ 1.000000  0.000000  0.000000 ]
			 [ 0.000000  1.000000  0.000000 ]
			 [ 0.000000  0.000000  1.000000 ]
	Point
		DataString "Hangar"
		Position [ 0.000000  0.000000  262.500000 ]
		Orientation
			 [ 1.000000  0.000000  0.000000 ]
			 [ 0.000000  1.000000  0.000000 ]
			 [ 0.000000  0.000000  1.000000 ]
	Point
		DataString "Hangar"
		Position [ -0.000000  0.000000 -262.500000 ]
		Orientation
			 [ -1.000000  0.000000 -0.000000 ]
			 [ 0.000000  1.000000  0.000000 ]
			 [ 0.000000  0.000000 -1.000000 ]
	Point
		DataString "Hangar"
		Position [ -262.500000  0.000000  0.000000 ]
		Orientation
			 [ -0.000000  0.000000  1.000000 ]
			 [ 0.000000  1.000000  0.000000 ]
			 [ -1.000000  0.000000 -0.000000 ]
	Point
		DataString "Hangar"
		Position [ 262.500000  0.000000 -0.000000 ]
		Orientation
			 [ -0.000000  0.000000 -1.000000 ]
			 [ 0.000000  1.000000  0.000000 ]
			 [ 1.000000  0.000000 -0.000000 ]
	Point
		DataString "Bomb"
		Position [ 0.000075 -398.863125  1217.379150 ]
		Orientation
			 [ 1.000000  0.000000  0.000000 ]
			 [ 0.000000  1.000000  0.000000 ]
			 [ 0.000000  0.000000  1.000000 ]
	Point
		DataString "Bomb"
		Position [ -300.787050  401.094300  1168.080675 ]
		Orientation
			 [ 1.000000  0.000000  0.000000 ]
			 [ 0.000000  1.000000  0.000000 ]
			 [ 0.000000  0.000000  1.000000 ]
	Point
		DataString "Bomb"
		Position [ 300.787575  401.094300  1168.080675 ]
		Orientation
			 [ 1.000000  0.000000  0.000000 ]
			 [ 0.000000  1.000000  0.000000 ]
			 [ 0.000000  0.000000  1.000000 ]
	Point
		DataString "Weapon-0"
		Position [ 0.000075 -455.127600  1110.919650 ]
		Orientation
			 [ 1.000000  0.000000  0.000000 ]
			 [ 0.000000  0.909961  0.414693 ]
			 [ 0.000000 -0.414693  0.909961 ]
	Point
		DataString "Weapon-0"
		Position [ -553.570950 -455.127600  963.172650 ]
		Orientation
			 [ 1.000000  0.000000  0.000000 ]
			 [ 0.000000  0.909961  0.414693 ]
			 [ 0.000000 -0.414693  0.909961 ]
	Point
		DataString "Weapon-0"
		Position [ -963.714375 -455.127600  552.627150 ]
		Orientation
			 [ -0.000000  0.000000  1.000000 ]
			 [ 0.000000  1.000000 -0.000000 ]
			 [ -1.000000  0.000000 -0.000000 ]
	Point
		DataString "Weapon-0"
		Position [ -1110.918900 -455.127600 -1.234125 ]
		Orientation
			 [ -0.000000  0.000000  1.000000 ]
			 [ 0.000000  1.000000 -0.000000 ]
			 [ -1.000000  0.000000 -0.000000 ]
	Point
		DataString "Weapon-0"
		Position [ -958.998975 -455.127600 -560.770425 ]
		Orientation
			 [ -0.000000  0.000000  1.000000 ]
			 [ 0.000000  1.000000 -0.000000 ]
			 [ -1.000000  0.000000 -0.000000 ]
	Point
		DataString "Weapon-0"
		Position [ -555.736350 -455.127600 -961.924875 ]
		Orientation
			 [ -1.000000  0.000000 -0.000000 ]
			 [ 0.000000  0.909961 -0.414693 ]
			 [ 0.000000 -0.414693 -0.909961 ]
	Point
		DataString "Weapon-0"
		Position [ 1.367325 -455.127600 -1110.918750 ]
		Orientation
			 [ -1.000000  0.000000 -0.000000 ]
			 [ 0.000000  0.909961 -0.414693 ]
			 [ 0.000000 -0.414693 -0.909961 ]
	Point
		DataString "Weapon-0"
		Position [ 564.142575 -455.127600 -957.019125 ]
		Orientation
			 [ -1.000000  0.000000 -0.000000 ]
			 [ 0.000000  0.909961 -0.414693 ]
			 [ 0.000000 -0.414693 -0.909961 ]
	Point
		DataString "Weapon-0"
		Position [ 960.479550 -455.127600 -558.230550 ]
		Orientation
			 [ -0.000000 -0.000000 -1.000000 ]
			 [ 0.000000  1.000000 -0.000000 ]
			 [ 1.000000  0.000000 -0.000000 ]
	Point
		DataString "Weapon-0"
		Position [ 1110.884550 -455.127600 -8.822175 ]
		Orientation
			 [ -0.000000 -0.000000 -1.000000 ]
			 [ 0.000000  1.000000 -0.000000 ]
			 [ 1.000000  0.000000 -0.000000 ]
	Point
		DataString "Weapon-0"
		Position [ 960.913875 -455.127600  557.482575 ]
		Orientation
			 [ -0.000000 -0.000000 -1.000000 ]
			 [ 0.000000  1.000000 -0.000000 ]
			 [ 1.000000  0.000000 -0.000000 ]
	Point
		DataString "Weapon-0"
		Position [ 554.576850 -455.127600  962.593800 ]
		Orientation
			 [ 1.000000  0.000000  0.000000 ]
			 [ 0.000000  0.909961  0.414693 ]
			 [ 0.000000 -0.414693  0.909961 ]
	Point
		DataString "Weapon-0"
		Position [ -284.035875  447.673500  1052.745450 ]
		Orientation
			 [ 1.000000  0.000000  0.000000 ]
			 [ 0.000000  0.909961 -0.414693 ]
			 [ 0.000000  0.414693  0.909961 ]
	Point
		DataString "Weapon-0"
		Position [ -770.058150  447.673500  771.984375 ]
		Orientation
			 [ 1.000000  0.000000  0.000000 ]
			 [ 0.000000  0.909961 -0.414693 ]
			 [ 0.000000  0.414693  0.909961 ]
	Point
		DataString "Weapon-0"
		Position [ -1052.876850  447.673500  283.548675 ]
		Orientation
			 [ -0.000000 -0.000000  1.000000 ]
			 [ 0.000000  1.000000  0.000000 ]
			 [ -1.000000  0.000000 -0.000000 ]
	Point
		DataString "Weapon-0"
		Position [ -1053.202500  447.673500 -282.336525 ]
		Orientation
			 [ -0.000000 -0.000000  1.000000 ]
			 [ 0.000000  1.000000  0.000000 ]
			 [ -1.000000  0.000000 -0.000000 ]
	Point
		DataString "Weapon-0"
		Position [ -770.263125  447.673500 -771.779850 ]
		Orientation
			 [ -1.000000  0.000000 -0.000000 ]
			 [ -0.000000  0.909961  0.414693 ]
			 [ 0.000000  0.414693 -0.909961 ]
	Point
		DataString "Weapon-0"
		Position [ -283.882350  447.673500 -1052.786925 ]
		Orientation
			 [ -1.000000  0.000000 -0.000000 ]
			 [ -0.000000  0.909961  0.414693 ]
			 [ 0.000000  0.414693 -0.909961 ]
	Point
		DataString "Weapon-0"
		Position [ 282.200775  447.673500 -1053.238875 ]
		Orientation
			 [ -1.000000  0.000000 -0.000000 ]
			 [ -0.000000  0.909961  0.414693 ]
			 [ 0.000000  0.414693 -0.909961 ]
	Point
		DataString "Weapon-0"
		Position [ 771.865575  447.673500 -770.177250 ]
		Orientation
			 [ -1.000000  0.000000 -0.000000 ]
			 [ -0.000000  0.909961  0.414693 ]
			 [ 0.000000  0.414693 -0.909961 ]
	Point
		DataString "Weapon-0"
		Position [ 1053.322200  447.673500 -281.889600 ]
		Orientation
			 [ -0.000000  0.000000 -1.000000 ]
			 [ 0.000000  1.000000  0.000000 ]
			 [ 1.000000  0.000000 -0.000000 ]
	Point
		DataString "Weapon-0"
		Position [ 1054.029450  447.673500  279.233400 ]
		Orientation
			 [ -0.000000  0.000000 -1.000000 ]
			 [ 0.000000  1.000000  0.000000 ]
			 [ 1.000000  0.000000 -0.000000 ]
	Point
		DataString "Weapon-0"
		Position [ 771.610650  447.673500  770.432550 ]
		Orientation
			 [ 1.000000  0.000000  0.000000 ]
			 [ 0.000000  0.909961 -0.414693 ]
			 [ 0.000000  0.414693  0.909961 ]
	Point
		DataString "Weapon-0"
		Position [ 281.997450  447.673500  1053.293325 ]
		Orientation
			 [ 1.000000  0.000000  0.000000 ]
			 [ 0.000000  0.909961 -0.414693 ]
			 [ 0.000000  0.414693  0.909961 ]
	Point
		DataString "Weapon-0"
		Position [ -247.196025  492.892500  923.881575 ]
		Orientation
			 [ 1.000000  0.000000  0.000000 ]
			 [ 0.000000  0.909961 -0.414693 ]
			 [ 0.000000  0.414693  0.909961 ]
	Point
		DataString "Weapon-0"
		Position [ -674.000100  492.892500  678.518250 ]
		Orientation
			 [ 1.000000  0.000000  0.000000 ]
			 [ 0.000000  0.909961 -0.414693 ]
			 [ 0.000000  0.414693  0.909961 ]
	Point
		DataString "Weapon-0"
		Position [ -922.955700  492.892500  250.631250 ]
		Orientation
			 [ -0.000000 -0.000000  1.000000 ]
			 [ 0.000000  1.000000  0.000000 ]
			 [ -1.000000  0.000000 -0.000000 ]
	Point
		DataString "Weapon-0"
		Position [ -924.279375  492.892500 -245.704725 ]
		Orientation
			 [ -0.000000 -0.000000  1.000000 ]
			 [ 0.000000  1.000000  0.000000 ]
			 [ -1.000000  0.000000 -0.000000 ]
	Point
		DataString "Weapon-0"
		Position [ -677.011800  492.892500 -675.513375 ]
		Orientation
			 [ -1.000000  0.000000 -0.000000 ]
			 [ -0.000000  0.909961  0.414693 ]
			 [ 0.000000  0.414693 -0.909961 ]
	Point
		DataString "Weapon-0"
		Position [ -250.923825  492.892500 -922.876200 ]
		Orientation
			 [ -1.000000  0.000000 -0.000000 ]
			 [ -0.000000  0.909961  0.414693 ]
			 [ 0.000000  0.414693 -0.909961 ]
	Point
		DataString "Weapon-0"
		Position [ 245.585550  492.892500 -924.311025 ]
		Orientation
			 [ -1.000000  0.000000 -0.000000 ]
			 [ -0.000000  0.909961  0.414693 ]
			 [ 0.000000  0.414693 -0.909961 ]
	Point
		DataString "Weapon-0"
		Position [ 675.588750  492.892500 -676.936575 ]
		Orientation
			 [ -1.000000  0.000000 -0.000000 ]
			 [ -0.000000  0.909961  0.414693 ]
			 [ 0.000000  0.414693 -0.909961 ]
	Point
		DataString "Weapon-0"
		Position [ 923.349375  492.892500 -249.176925 ]
		Orientation
			 [ -0.000000  0.000000 -1.000000 ]
			 [ 0.000000  1.000000  0.000000 ]
			 [ 1.000000  0.000000 -0.000000 ]
	Point
		DataString "Weapon-0"
		Position [ 924.999000  492.892500  242.981400 ]
		Orientation
			 [ -0.000000  0.000000 -1.000000 ]
			 [ 0.000000  1.000000  0.000000 ]
			 [ 1.000000  0.000000 -0.000000 ]
	Point
		DataString "Weapon-0"
		Position [ 678.191175  492.892500  674.329125 ]
		Orientation
			 [ 1.000000  0.000000  0.000000 ]
			 [ 0.000000  0.909961 -0.414693 ]
			 [ 0.000000  0.414693  0.909961 ]
	Point
		DataString "Weapon-0"
		Position [ 249.271500  492.892500  923.323875 ]
		Orientation
			 [ 1.000000  0.000000  0.000000 ]
			 [ 0.000000  0.909961 -0.414693 ]
			 [ 0.000000  0.414693  0.909961 ]
	Point
		DataString "Weapon-1"
		Position [ 0.000075 -493.064850  935.507475 ]
		Orientation
			 [ 1.000000  0.000000  0.000000 ]
			 [ 0.000000  0.909961  0.414693 ]
			 [ 0.000000 -0.414693  0.909961 ]
	Point
		DataString "Weapon-1"
		Position [ -466.163100 -493.064850  811.089600 ]
		Orientation
			 [ 1.000000  0.000000  0.000000 ]
			 [ 0.000000  0.909961  0.414693 ]
			 [ 0.000000 -0.414693  0.909961 ]
	Point
		DataString "Weapon-1"
		Position [ -811.545750 -493.064850  465.368400 ]
		Orientation
			 [ -0.000000  0.000000  1.000000 ]
			 [ 0.000000  1.000000 -0.000000 ]
			 [ -1.000000  0.000000 -0.000000 ]
	Point
		DataString "Weapon-1"
		Position [ -935.506950 -493.064850 -1.039200 ]
		Orientation
			 [ -0.000000  0.000000  1.000000 ]
			 [ 0.000000  1.000000 -0.000000 ]
			 [ -1.000000  0.000000 -0.000000 ]
	Point
		DataString "Weapon-1"
		Position [ -807.574875 -493.064850 -472.225800 ]
		Orientation
			 [ -0.000000  0.000000  1.000000 ]
			 [ 0.000000  1.000000 -0.000000 ]
			 [ -1.000000  0.000000 -0.000000 ]
	Point
		DataString "Weapon-1"
		Position [ -467.986650 -493.064850 -810.038700 ]
		Orientation
			 [ -1.000000  0.000000 -0.000000 ]
			 [ 0.000000  0.909961 -0.414693 ]
			 [ 0.000000 -0.414693 -0.909961 ]
	Point
		DataString "Weapon-1"
		Position [ 1.151400 -493.064850 -935.506800 ]
		Orientation
			 [ -1.000000  0.000000 -0.000000 ]
			 [ 0.000000  0.909961 -0.414693 ]
			 [ 0.000000 -0.414693 -0.909961 ]
	Point
		DataString "Weapon-1"
		Position [ 475.065525 -493.064850 -805.907625 ]
		Orientation
			 [ -1.000000  0.000000 -0.000000 ]
			 [ 0.000000  0.909961 -0.414693 ]
			 [ 0.000000 -0.414693 -0.909961 ]
	Point
		DataString "Weapon-1"
		Position [ 808.821600 -493.064850 -470.087025 ]
		Orientation
			 [ -0.000000 -0.000000 -1.000000 ]
			 [ 0.000000  1.000000 -0.000000 ]
			 [ 1.000000  0.000000 -0.000000 ]
	Point
		DataString "Weapon-1"
		Position [ 935.478000 -493.064850 -7.429200 ]
		Orientation
			 [ -0.000000 -0.000000 -1.000000 ]
			 [ 0.000000  1.000000 -0.000000 ]
			 [ 1.000000  0.000000 -0.000000 ]
	Point
		DataString "Weapon-1"
		Position [ 809.187375 -493.064850  469.457100 ]
		Orientation
			 [ -0.000000 -0.000000 -1.000000 ]
			 [ 0.000000  1.000000 -0.000000 ]
			 [ 1.000000  0.000000 -0.000000 ]
	Point
		DataString "Weapon-1"
		Position [ 467.010225 -493.064850  810.602025 ]
		Orientation
			 [ 1.000000  0.000000  0.000000 ]
			 [ 0.000000  0.909961  0.414693 ]
			 [ 0.000000 -0.414693  0.909961 ]
	Point
		DataString "Weapon-2"
		Position [ 0.000075 -531.002100  760.095375 ]
		Orientation
			 [ 1.000000  0.000000  0.000000 ]
			 [ 0.000000  0.909961  0.414693 ]
			 [ 0.000000 -0.414693  0.909961 ]
	Point
		DataString "Weapon-2"
		Position [ -378.755325 -531.002100  659.006400 ]
		Orientation
			 [ 1.000000  0.000000  0.000000 ]
			 [ 0.000000  0.909961  0.414693 ]
			 [ 0.000000 -0.414693  0.909961 ]
	Point
		DataString "Weapon-2"
		Position [ -659.377125 -531.002100  378.109650 ]
		Orientation
			 [ -0.000000  0.000000  1.000000 ]
			 [ 0.000000  1.000000 -0.000000 ]
			 [ -1.000000  0.000000 -0.000000 ]
	Point
		DataString "Weapon-2"
		Position [ -760.095000 -531.002100 -0.844350 ]
		Orientation
			 [ -0.000000  0.000000  1.000000 ]
			 [ 0.000000  1.000000 -0.000000 ]
			 [ -1.000000  0.000000 -0.000000 ]
	Point
		DataString "Weapon-2"
		Position [ -656.150625 -531.002100 -383.681250 ]
		Orientation
			 [ -0.000000  0.000000  1.000000 ]
			 [ 0.000000  1.000000 -0.000000 ]
			 [ -1.000000  0.000000 -0.000000 ]
	Point
		DataString "Weapon-2"
		Position [ -380.236950 -531.002100 -658.152750 ]
		Orientation
			 [ -1.000000  0.000000 -0.000000 ]
			 [ 0.000000  0.909961 -0.414693 ]
			 [ 0.000000 -0.414693 -0.909961 ]
	Point
		DataString "Weapon-2"
		Position [ 0.935475 -531.002100 -760.094850 ]
		Orientation
			 [ -1.000000  0.000000 -0.000000 ]
			 [ 0.000000  0.909961 -0.414693 ]
			 [ 0.000000 -0.414693 -0.909961 ]
	Point
		DataString "Weapon-2"
		Position [ 385.988475 -531.002100 -654.796050 ]
		Orientation
			 [ -1.000000  0.000000 -0.000000 ]
			 [ 0.000000  0.909961 -0.414693 ]
			 [ 0.000000 -0.414693 -0.909961 ]
	Point
		DataString "Weapon-2"
		Position [ 657.163800 -531.002100 -381.943500 ]
		Orientation
			 [ -0.000000 -0.000000 -1.000000 ]
			 [ 0.000000  1.000000 -0.000000 ]
			 [ 1.000000  0.000000 -0.000000 ]
	Point
		DataString "Weapon-2"
		Position [ 760.071450 -531.002100 -6.036150 ]
		Orientation
			 [ -0.000000 -0.000000 -1.000000 ]
			 [ 0.000000  1.000000 -0.000000 ]
			 [ 1.000000  0.000000 -0.000000 ]
	Point
		DataString "Weapon-2"
		Position [ 657.460950 -531.002100  381.431700 ]
		Orientation
			 [ -0.000000 -0.000000 -1.000000 ]
			 [ 0.000000  1.000000 -0.000000 ]
			 [ 1.000000  0.000000 -0.000000 ]
	Point
		DataString "Weapon-2"
		Position [ 379.443600 -531.002100  658.610325 ]
		Orientation
			 [ 1.000000  0.000000  0.000000 ]
			 [ 0.000000  0.909961  0.414693 ]
			 [ 0.000000 -0.414693  0.909961 ]
	Point
		DataString "Weapon-1"
		Position [ -220.913775  512.524650  803.391450 ]
		Orientation
			 [ 1.000000  0.000000  0.000000 ]
			 [ 0.000000  0.909961 -0.414693 ]
			 [ 0.000000  0.414693  0.909961 ]
	Point
		DataString "Weapon-1"
		Position [ -591.266025  512.524650  587.064900 ]
		Orientation
			 [ 1.000000  0.000000  0.000000 ]
			 [ 0.000000  0.909961 -0.414693 ]
			 [ 0.000000  0.414693  0.909961 ]
	Point
		DataString "Weapon-1"
		Position [ -805.579950  512.524650  212.795175 ]
		Orientation
			 [ -0.000000 -0.000000  1.000000 ]
			 [ 0.000000  1.000000  0.000000 ]
			 [ -1.000000  0.000000 -0.000000 ]
	Point
		DataString "Weapon-1"
		Position [ -803.746950  512.524650 -219.616950 ]
		Orientation
			 [ -0.000000 -0.000000  1.000000 ]
			 [ 0.000000  1.000000  0.000000 ]
			 [ -1.000000  0.000000 -0.000000 ]
	Point
		DataString "Weapon-1"
		Position [ -585.743325  512.524650 -592.575300 ]
		Orientation
			 [ -1.000000  0.000000 -0.000000 ]
			 [ -0.000000  0.909961  0.414693 ]
			 [ 0.000000  0.414693 -0.909961 ]
	Point
		DataString "Weapon-1"
		Position [ -213.050550  512.524650 -805.512450 ]
		Orientation
			 [ -1.000000  0.000000 -0.000000 ]
			 [ -0.000000  0.909961  0.414693 ]
			 [ 0.000000  0.414693 -0.909961 ]
	Point
		DataString "Weapon-1"
		Position [ 219.513300  512.524650 -803.775300 ]
		Orientation
			 [ -1.000000  0.000000 -0.000000 ]
			 [ -0.000000  0.909961  0.414693 ]
			 [ 0.000000  0.414693 -0.909961 ]
	Point
		DataString "Weapon-1"
		Position [ 592.640625  512.524650 -585.677325 ]
		Orientation
			 [ -1.000000  0.000000 -0.000000 ]
			 [ -0.000000  0.909961  0.414693 ]
			 [ 0.000000  0.414693 -0.909961 ]
	Point
		DataString "Weapon-1"
		Position [ 805.914150  512.524650 -211.525800 ]
		Orientation
			 [ -0.000000  0.000000 -1.000000 ]
			 [ 0.000000  1.000000  0.000000 ]
			 [ 1.000000  0.000000 -0.000000 ]
	Point
		DataString "Weapon-1"
		Position [ 804.390300  512.524650  217.248750 ]
		Orientation
			 [ -0.000000  0.000000 -1.000000 ]
			 [ 0.000000  1.000000  0.000000 ]
			 [ 1.000000  0.000000 -0.000000 ]
	Point
		DataString "Weapon-1"
		Position [ 586.778100  512.524650  591.550725 ]
		Orientation
			 [ 1.000000  0.000000  0.000000 ]
			 [ 0.000000  0.909961 -0.414693 ]
			 [ 0.000000  0.414693  0.909961 ]
	Point
		DataString "Weapon-1"
		Position [ 211.608375  512.524650  805.892550 ]
		Orientation
			 [ 1.000000  0.000000  0.000000 ]
			 [ 0.000000  0.909961 -0.414693 ]
			 [ 0.000000  0.414693  0.909961 ]
	Point
		DataString "Weapon-1"
		Position [ -182.220300  519.003675  674.527650 ]
		Orientation
			 [ 1.000000  0.000000  0.000000 ]
			 [ 0.000000  0.909961 -0.414693 ]
			 [ 0.000000  0.414693  0.909961 ]
	Point
		DataString "Weapon-1"
		Position [ -493.599975  519.003675  494.520825 ]
		Orientation
			 [ 1.000000  0.000000  0.000000 ]
			 [ 0.000000  0.909961 -0.414693 ]
			 [ 0.000000  0.414693  0.909961 ]
	Point
		DataString "Weapon-1"
		Position [ -674.727225  519.003675  181.480275 ]
		Orientation
			 [ -0.000000 -0.000000  1.000000 ]
			 [ 0.000000  1.000000  0.000000 ]
			 [ -1.000000  0.000000 -0.000000 ]
	Point
		DataString "Weapon-1"
		Position [ -674.820825  519.003675 -181.131525 ]
		Orientation
			 [ -0.000000 -0.000000  1.000000 ]
			 [ 0.000000  1.000000  0.000000 ]
			 [ -1.000000  0.000000 -0.000000 ]
	Point
		DataString "Weapon-1"
		Position [ -493.417575  519.003675 -494.702775 ]
		Orientation
			 [ -1.000000  0.000000 -0.000000 ]
			 [ -0.000000  0.909961  0.414693 ]
			 [ 0.000000  0.414693 -0.909961 ]
	Point
		DataString "Weapon-1"
		Position [ -181.694175  519.003675 -674.669625 ]
		Orientation
			 [ -1.000000  0.000000 -0.000000 ]
			 [ -0.000000  0.909961  0.414693 ]
			 [ 0.000000  0.414693 -0.909961 ]
	Point
		DataString "Weapon-1"
		Position [ 181.044525  519.003675 -674.844225 ]
		Orientation
			 [ -1.000000  0.000000 -0.000000 ]
			 [ -0.000000  0.909961  0.414693 ]
			 [ 0.000000  0.414693 -0.909961 ]
	Point
		DataString "Weapon-1"
		Position [ 494.757750  519.003675 -493.362450 ]
		Orientation
			 [ -1.000000  0.000000 -0.000000 ]
			 [ -0.000000  0.909961  0.414693 ]
			 [ 0.000000  0.414693 -0.909961 ]
	Point
		DataString "Weapon-1"
		Position [ 675.012225  519.003675 -180.417075 ]
		Orientation
			 [ -0.000000  0.000000 -1.000000 ]
			 [ 0.000000  1.000000  0.000000 ]
			 [ 1.000000  0.000000 -0.000000 ]
	Point
		DataString "Weapon-1"
		Position [ 675.351375  519.003675  179.143200 ]
		Orientation
			 [ -0.000000  0.000000 -1.000000 ]
			 [ 0.000000  1.000000  0.000000 ]
			 [ 1.000000  0.000000 -0.000000 ]
	Point
		DataString "Weapon-1"
		Position [ 494.281275  519.003675  493.839750 ]
		Orientation
			 [ 1.000000  0.000000  0.000000 ]
			 [ 0.000000  0.909961 -0.414693 ]
			 [ 0.000000  0.414693  0.909961 ]
	Point
		DataString "Weapon-1"
		Position [ 180.486225  519.003675  674.993775 ]
		Orientation
			 [ 1.000000  0.000000  0.000000 ]
			 [ 0.000000  0.909961 -0.414693 ]
			 [ 0.000000  0.414693  0.909961 ]
	Point
		DataString "Weapon-2"
		Position [ -145.005825  513.156825  544.434750 ]
		Orientation
			 [ 1.000000  0.000000  0.000000 ]
			 [ 0.000000  0.909961 -0.414693 ]
			 [ 0.000000  0.414693  0.909961 ]
	Point
		DataString "Weapon-2"
		Position [ -396.605475  513.156825  400.174950 ]
		Orientation
			 [ 1.000000  0.000000  0.000000 ]
			 [ 0.000000  0.909961 -0.414693 ]
			 [ 0.000000  0.414693  0.909961 ]
	Point
		DataString "Weapon-2"
		Position [ -543.555150  513.156825  148.269075 ]
		Orientation
			 [ -0.000000 -0.000000  1.000000 ]
			 [ 0.000000  1.000000  0.000000 ]
			 [ -1.000000  0.000000 -0.000000 ]
	Point
		DataString "Weapon-2"
		Position [ -544.668000  513.156825 -144.126975 ]
		Orientation
			 [ -0.000000 -0.000000  1.000000 ]
			 [ 0.000000  1.000000  0.000000 ]
			 [ -1.000000  0.000000 -0.000000 ]
	Point
		DataString "Weapon-2"
		Position [ -399.288375  513.156825 -397.497975 ]
		Orientation
			 [ -1.000000  0.000000 -0.000000 ]
			 [ -0.000000  0.909961  0.414693 ]
			 [ 0.000000  0.414693 -0.909961 ]
	Point
		DataString "Weapon-2"
		Position [ -148.441425  513.156825 -543.508125 ]
		Orientation
			 [ -1.000000  0.000000 -0.000000 ]
			 [ -0.000000  0.909961  0.414693 ]
			 [ 0.000000  0.414693 -0.909961 ]
	Point
		DataString "Weapon-2"
		Position [ 144.056775  513.156825 -544.686600 ]
		Orientation
			 [ -1.000000  0.000000 -0.000000 ]
			 [ -0.000000  0.909961  0.414693 ]
			 [ 0.000000  0.414693 -0.909961 ]
	Point
		DataString "Weapon-2"
		Position [ 397.542450  513.156825 -399.244200 ]
		Orientation
			 [ -1.000000  0.000000 -0.000000 ]
			 [ -0.000000  0.909961  0.414693 ]
			 [ 0.000000  0.414693 -0.909961 ]
	Point
		DataString "Weapon-2"
		Position [ 543.788025  513.156825 -147.412575 ]
		Orientation
			 [ -0.000000  0.000000 -1.000000 ]
			 [ 0.000000  1.000000  0.000000 ]
			 [ 1.000000  0.000000 -0.000000 ]
	Point
		DataString "Weapon-2"
		Position [ 545.090175  513.156825  142.522200 ]
		Orientation
			 [ -0.000000  0.000000 -1.000000 ]
			 [ 0.000000  1.000000  0.000000 ]
			 [ 1.000000  0.000000 -0.000000 ]
	Point
		DataString "Weapon-2"
		Position [ 399.982425  513.156825  396.799500 ]
		Orientation
			 [ 1.000000  0.000000  0.000000 ]
			 [ 0.000000  0.909961 -0.414693 ]
			 [ 0.000000  0.414693  0.909961 ]
	Point
		DataString "Weapon-2"
		Position [ 147.468300  513.156825  543.772950 ]
		Orientation
			 [ 1.000000  0.000000  0.000000 ]
			 [ 0.000000  0.909961 -0.414693 ]
			 [ 0.000000  0.414693  0.909961 ]
	Point
		DataString "Weapon-2"
		Position [ -113.598525  498.359925  415.570875 ]
		Orientation
			 [ 1.000000  0.000000  0.000000 ]
			 [ 0.000000  0.909961 -0.414693 ]
			 [ 0.000000  0.414693  0.909961 ]
	Point
		DataString "Weapon-2"
		Position [ -305.260125  498.359925  304.006575 ]
		Orientation
			 [ 1.000000  0.000000  0.000000 ]
			 [ 0.000000  0.909961 -0.414693 ]
			 [ 0.000000  0.414693  0.909961 ]
	Point
		DataString "Weapon-2"
		Position [ -416.364300  498.359925  110.655150 ]
		Orientation
			 [ -0.000000 -0.000000  1.000000 ]
			 [ 0.000000  1.000000  0.000000 ]
			 [ -1.000000  0.000000 -0.000000 ]
	Point
		DataString "Weapon-2"
		Position [ -415.753650  498.359925 -112.927650 ]
		Orientation
			 [ -0.000000 -0.000000  1.000000 ]
			 [ 0.000000  1.000000  0.000000 ]
			 [ -1.000000  0.000000 -0.000000 ]
	Point
		DataString "Weapon-2"
		Position [ -303.324300  498.359925 -305.938125 ]
		Orientation
			 [ -1.000000  0.000000 -0.000000 ]
			 [ -0.000000  0.909961  0.414693 ]
			 [ 0.000000  0.414693 -0.909961 ]
	Point
		DataString "Weapon-2"
		Position [ -110.787150  498.359925 -416.329200 ]
		Orientation
			 [ -1.000000  0.000000 -0.000000 ]
			 [ -0.000000  0.909961  0.414693 ]
			 [ 0.000000  0.414693 -0.909961 ]
	Point
		DataString "Weapon-2"
		Position [ 112.874025  498.359925 -415.768200 ]
		Orientation
			 [ -1.000000  0.000000 -0.000000 ]
			 [ -0.000000  0.909961  0.414693 ]
			 [ 0.000000  0.414693 -0.909961 ]
	Point
		DataString "Weapon-2"
		Position [ 305.971950  498.359925 -303.290250 ]
		Orientation
			 [ -1.000000  0.000000 -0.000000 ]
			 [ -0.000000  0.909961  0.414693 ]
			 [ 0.000000  0.414693 -0.909961 ]
	Point
		DataString "Weapon-2"
		Position [ 416.538075  498.359925 -109.999125 ]
		Orientation
			 [ -0.000000  0.000000 -1.000000 ]
			 [ 0.000000  1.000000  0.000000 ]
			 [ 1.000000  0.000000 -0.000000 ]
	Point
		DataString "Weapon-2"
		Position [ 416.084475  498.359925  111.702675 ]
		Orientation
			 [ -0.000000  0.000000 -1.000000 ]
			 [ 0.000000  1.000000  0.000000 ]
			 [ 1.000000  0.000000 -0.000000 ]
	Point
		DataString "Weapon-2"
		Position [ 303.858450  498.359925  305.407575 ]
		Orientation
			 [ 1.000000  0.000000  0.000000 ]
			 [ 0.000000  0.909961 -0.414693 ]
			 [ 0.000000  0.414693  0.909961 ]
	Point
		DataString "Weapon-2"
		Position [ 110.041800  498.359925  416.526825 ]
		Orientation
			 [ 1.000000  0.000000  0.000000 ]
			 [ 0.000000  0.909961 -0.414693 ]
			 [ 0.000000  0.414693  0.909961 ]
	NumVertices 8111
	Vertex
		Position [ -105.102675  110.216325  0.000000 ]
		Normal [ -0.950109 -0.311919 0.000000 ]
		Tangent [ 0.000000 0.000000 1.000000 ]
		Color 0
		U0 0.475386
		V0 0.466711
		U1 0.475386
		V1 0.466711
	Vertex
		Position [ -136.633425  168.963150  0.000000 ]
		Normal [ -0.928100 -0.372331 0.000000 ]
		Tangent [ 0.000000 0.000000 1.000000 ]
		Color 0
		U0 0.475386
		V0 0.423893
		U1 0.475386
		V1 0.423893
	Vertex
		Position [ -97.102200  110.216325  40.221075 ]
		Normal [ -0.877786 -0.311919 0.363591 ]
		Tangent [ 0.354663 0.087075 0.930931 ]
		Color 0
		U0 0.445086
		V0 0.466711
		U1 0.445086
		V1 0.466711
	Vertex
		Position [ -105.102675  110.216325  0.000000 ]
		Normal [ -0.950109 -0.311919 0.000000 ]
		Tangent [ 0.000000 0.000000 1.000000 ]
		Color 0
		U0 0.424086
		V0 0.457323
		U1 0.424086
		V1 0.457323
	Vertex
		Position [ -94.382175  34.764675  0.000000 ]
		Normal [ -0.991965 -0.126512 0.000000 ]
		Tangent [ 0.000000 0.000000 1.000000 ]
		Color 0
		U0 0.424086
		V0 0.395994
		U1 0.424086
		V1 0.395994
	Vertex
		Position [ -97.102200  110.216325 -40.221075 ]
		Normal [ -0.877786 -0.311919 -0.363591 ]
		Tangent [ -0.354663 -0.087075 0.930931 ]
		Color 0
		U0 0.400589
		V0 0.457323
		U1 0.400589
		V1 0.457323
	Vertex
		Position [ -126.232800  168.963150  52.287375 ]
		Normal [ -0.857453 -0.372331 0.355169 ]
		Tangent [ 0.349283 0.085705 0.933089 ]
		Color 0
		U0 0.445350
		V0 0.424106
		U1 0.445350
		V1 0.424106
	Vertex
		Position [ -96.614400  168.963150  96.614400 ]
		Normal [ -0.656266 -0.372331 0.656266 ]
		Tangent [ 0.636268 0.194415 0.746569 ]
		Color 0
		U0 0.415570
		V0 0.424718
		U1 0.415570
		V1 0.424718
	Vertex
		Position [ -74.318775  110.216325  74.318775 ]
		Normal [ -0.671828 -0.311918 0.671828 ]
		Tangent [ 0.649906 0.186893 0.736677 ]
		Color 0
		U0 0.415096
		V0 0.466711
		U1 0.415096
		V1 0.466711
	Vertex
		Position [ -97.102200  110.216325  40.221075 ]
		Normal [ -0.877786 -0.311919 0.363591 ]
		Tangent [ 0.354663 0.087075 0.930931 ]
		Color 0
		U0 0.093122
		V0 0.457323
		U1 0.093122
		V1 0.457323
	Vertex
		Position [ -94.382175  34.764675  0.000000 ]
		Normal [ -0.991965 -0.126512 0.000000 ]
		Tangent [ 0.000000 0.000000 1.000000 ]
		Color 0
		U0 0.069626
		V0 0.395994
		U1 0.069626
		V1 0.395994
	Vertex
		Position [ -105.102675  110.216325  0.000000 ]
		Normal [ -0.950109 -0.311919 0.000000 ]
		Tangent [ 0.000000 0.000000 1.000000 ]
		Color 0
		U0 0.069626
		V0 0.457323
		U1 0.069626
		V1 0.457323
	Vertex
		Position [ -87.197775  34.764675  36.118500 ]
		Normal [ -0.916421 -0.126834 0.379586 ]
		Tangent [ 0.370330 0.090888 0.924443 ]
		Color 0
		U0 0.093285
		V0 0.395994
		U1 0.093285
		V1 0.395994
	Vertex
		Position [ -66.738300  34.764675  66.738300 ]
		Normal [ -0.701323 -0.127747 0.701304 ]
		Tangent [ 0.683440 0.159148 0.712448 ]
		Color 0
		U0 0.116671
		V0 0.395994
		U1 0.116671
		V1 0.395994
	Vertex
		Position [ -74.318775  110.216325  74.318775 ]
		Normal [ -0.671828 -0.311918 0.671828 ]
		Tangent [ -0.701642 -0.022673 -0.712169 ]
		Color 0
		U0 0.415096
		V0 0.466711
		U1 0.415096
		V1 0.466711
	Vertex
		Position [ -96.614400  168.963150  96.614400 ]
		Normal [ -0.656266 -0.372331 0.656266 ]
		Tangent [ -0.703422 -0.012754 -0.710658 ]
		Color 0
		U0 0.415570
		V0 0.424718
		U1 0.415570
		V1 0.424718
	Vertex
		Position [ -40.221075  110.216325  97.102200 ]
		Normal [ -0.363591 -0.311919 0.877786 ]
		Tangent [ -0.906360 -0.099231 -0.410688 ]
		Color 0
		U0 0.385645
		V0 0.466711
		U1 0.385645
		V1 0.466711
	Vertex
		Position [ -74.318775  110.216325  74.318775 ]
		Normal [ -0.671828 -0.311918 0.671828 ]
		Tangent [ 0.649906 0.186893 0.736677 ]
		Color 0
		U0 0.116380
		V0 0.457323
		U1 0.116380
		V1 0.457323
	Vertex
		Position [ 0.000000  168.963150  136.633425 ]
		Normal [ 0.000000 -0.372331 0.928100 ]
		Tangent [ -0.988012 -0.143276 -0.057479 ]
		Color 0
		U0 0.357467
		V0 0.426770
		U1 0.357467
		V1 0.426770
	Vertex
		Position [ 0.000000  110.216325  105.102675 ]
		Normal [ 0.000000 -0.311919 0.950109 ]
		Tangent [ -0.989863 -0.134937 -0.044300 ]
		Color 0
		U0 0.356847
		V0 0.466711
		U1 0.356847
		V1 0.466711
	Vertex
		Position [ -52.287375  168.963150  126.232800 ]
		Normal [ -0.355169 -0.372331 0.857453 ]
		Tangent [ -0.902637 -0.101950 -0.418155 ]
		Color 0
		U0 0.386243
		V0 0.425648
		U1 0.386243
		V1 0.425648
	Vertex
		Position [ -40.221075  110.216325  97.102200 ]
		Normal [ -0.363591 -0.311919 0.877786 ]
		Tangent [ -0.906360 -0.099231 -0.410688 ]
		Color 0
		U0 0.139220
		V0 0.457323
		U1 0.139220
		V1 0.457323
	Vertex
		Position [ -66.738300  34.764675  66.738300 ]
		Normal [ -0.701323 -0.127747 0.701304 ]
		Tangent [ -0.700850 -0.056147 -0.711096 ]
		Color 0
		U0 0.116671
		V0 0.395994
		U1 0.116671
		V1 0.395994
	Vertex
		Position [ -74.318775  110.216325  74.318775 ]
		Normal [ -0.671828 -0.311918 0.671828 ]
		Tangent [ -0.701642 -0.022673 -0.712169 ]
		Color 0
		U0 0.116380
		V0 0.457323
		U1 0.116380
		V1 0.457323
	Vertex
		Position [ -36.118500  34.764675  87.197775 ]
		Normal [ -0.379496 -0.129114 0.916140 ]
		Tangent [ -0.913207 -0.106604 -0.393305 ]
		Color 0
		U0 0.139584
		V0 0.395994
		U1 0.139584
		V1 0.395994
	Vertex
		Position [ -40.221075  110.216325  97.102200 ]
		Normal [ -0.363591 -0.311919 0.877786 ]
		Tangent [ 0.929733 -0.062541 0.362885 ]
		Color 0
		U0 0.139220
		V0 0.457323
		U1 0.139220
		V1 0.457323
	Vertex
		Position [ 0.000000  34.764675  94.382175 ]
		Normal [ -0.026277 -0.086100 0.995940 ]
		Tangent [ 0.999645 -0.006767 0.025789 ]
		Color 0
		U0 0.161931
		V0 0.395994
		U1 0.161931
		V1 0.395994
	Vertex
		Position [ -36.118500  34.764675  87.197775 ]
		Normal [ -0.379496 -0.129114 0.916140 ]
		Tangent [ 0.924932 -0.029398 0.378995 ]
		Color 0
		U0 0.139584
		V0 0.395994
		U1 0.139584
		V1 0.395994
	Vertex
		Position [ 0.000000  110.216325  105.102675 ]
		Normal [ 0.000000 -0.311919 0.950109 ]
		Tangent [ 0.999751 -0.021216 -0.006965 ]
		Color 0
		U0 0.356847
		V0 0.466711
		U1 0.356847
		V1 0.466711
	Vertex
		Position [ 0.000000  168.963150  136.633425 ]
		Normal [ 0.000000 -0.372331 0.928100 ]
		Tangent [ 0.999652 -0.024483 -0.009822 ]
		Color 0
		U0 0.357467
		V0 0.426770
		U1 0.357467
		V1 0.426770
	Vertex
		Position [ 40.221075  110.216325  97.102200 ]
		Normal [ 0.363591 -0.311919 0.877786 ]
		Tangent [ 0.924037 0.001258 -0.382302 ]
		Color 0
		U0 0.328694
		V0 0.466711
		U1 0.328694
		V1 0.466711
	Vertex
		Position [ 0.000000  110.216325  105.102675 ]
		Normal [ 0.000000 -0.311919 0.950109 ]
		Tangent [ 0.999751 -0.021216 -0.006965 ]
		Color 0
		U0 0.161555
		V0 0.457323
		U1 0.161555
		V1 0.457323
	Vertex
		Position [ 96.614400  168.963150  96.614400 ]
		Normal [ 0.656266 -0.372331 0.656266 ]
		Tangent [ 0.689489 -0.057344 -0.722023 ]
		Color 0
		U0 0.301494
		V0 0.428921
		U1 0.301494
		V1 0.428921
	Vertex
		Position [ 74.318775  110.216325  74.318775 ]
		Normal [ 0.671828 -0.311918 0.671828 ]
		Tangent [ 0.692269 -0.058197 -0.719289 ]
		Color 0
		U0 0.301087
		V0 0.466711
		U1 0.301087
		V1 0.466711
	Vertex
		Position [ 52.287375  168.963150  126.232800 ]
		Normal [ 0.355169 -0.372331 0.857453 ]
		Tangent [ 0.924071 0.001255 -0.382219 ]
		Color 0
		U0 0.329244
		V0 0.427920
		U1 0.329244
		V1 0.427920
	Vertex
		Position [ 40.221075  110.216325  97.102200 ]
		Normal [ 0.363591 -0.311919 0.877786 ]
		Tangent [ 0.924037 0.001258 -0.382302 ]
		Color 0
		U0 0.183390
		V0 0.457323
		U1 0.183390
		V1 0.457323
	Vertex
		Position [ 36.118500  34.764675  87.197775 ]
		Normal [ 0.381730 -0.070524 0.921579 ]
		Tangent [ 0.923913 0.001261 -0.382600 ]
		Color 0
		U0 0.183721
		V0 0.395994
		U1 0.183721
		V1 0.395994
	Vertex
		Position [ 66.738300  34.764675  66.738300 ]
		Normal [ 0.705346 -0.070524 0.705346 ]
		Tangent [ 0.702717 -0.061182 -0.708834 ]
		Color 0
		U0 0.205044
		V0 0.395994
		U1 0.205044
		V1 0.395994
	Vertex
		Position [ 97.102200  110.216325  40.221075 ]
		Normal [ 0.877786 -0.311919 0.363591 ]
		Tangent [ 0.359027 -0.074147 -0.930377 ]
		Color 0
		U0 0.273871
		V0 0.466711
		U1 0.273871
		V1 0.466711
	Vertex
		Position [ 74.318775  110.216325  74.318775 ]
		Normal [ 0.671828 -0.311918 0.671828 ]
		Tangent [ 0.692269 -0.058197 -0.719289 ]
		Color 0
		U0 0.204800
		V0 0.457323
		U1 0.204800
		V1 0.457323
	Vertex
		Position [ 136.633425  168.963150 -0.000000 ]
		Normal [ 0.928100 -0.372331 -0.000000 ]
		Tangent [ -0.000000 0.000000 -1.000000 ]
		Color 0
		U0 0.246856
		V0 0.429845
		U1 0.246856
		V1 0.429845
	Vertex
		Position [ 105.102675  110.216325 -0.000000 ]
		Normal [ 0.950109 -0.311919 -0.000000 ]
		Tangent [ -0.000000 0.000000 -1.000000 ]
		Color 0
		U0 0.246856
		V0 0.466711
		U1 0.246856
		V1 0.466711
	Vertex
		Position [ 126.232800  168.963150  52.287375 ]
		Normal [ 0.857453 -0.372331 0.355169 ]
		Tangent [ 0.351882 -0.079327 -0.932677 ]
		Color 0
		U0 0.274086
		V0 0.429603
		U1 0.274086
		V1 0.429603
	Vertex
		Position [ 97.102200  110.216325  40.221075 ]
		Normal [ 0.877786 -0.311919 0.363591 ]
		Tangent [ 0.359027 -0.074147 -0.930377 ]
		Color 0
		U0 0.225906
		V0 0.457323
		U1 0.225906
		V1 0.457323
	Vertex
		Position [ 87.197775  34.764675  36.118500 ]
		Normal [ 0.921579 -0.070524 0.381730 ]
		Tangent [ 0.373028 -0.111259 -0.921125 ]
		Color 0
		U0 0.226035
		V0 0.395994
		U1 0.226035
		V1 0.395994
	Vertex
		Position [ 97.102200  110.216325  40.221075 ]
		Normal [ 0.877786 -0.311919 0.363591 ]
		Tangent [ -0.310520 0.207472 0.927649 ]
		Color 0
		U0 0.225906
		V0 0.457323
		U1 0.225906
		V1 0.457323
	Vertex
		Position [ 94.382175  34.764675 -0.000000 ]
		Normal [ 0.997510 -0.070524 -0.000000 ]
		Tangent [ 0.013738 0.194310 0.980844 ]
		Color 0
		U0 0.246856
		V0 0.395994
		U1 0.246856
		V1 0.395994
	Vertex
		Position [ 87.197775  34.764675  36.118500 ]
		Normal [ 0.921579 -0.070524 0.381730 ]
		Tangent [ -0.365835 0.171104 0.914816 ]
		Color 0
		U0 0.226035
		V0 0.395994
		U1 0.226035
		V1 0.395994
	Vertex
		Position [ 97.102200  110.216325 -40.221075 ]
		Normal [ 0.877786 -0.311919 -0.363591 ]
		Tangent [ -0.359027 0.074147 -0.930377 ]
		Color 0
		U0 0.219841
		V0 0.466711
		U1 0.219841
		V1 0.466711
	Vertex
		Position [ 105.102675  110.216325 -0.000000 ]
		Normal [ 0.950109 -0.311919 -0.000000 ]
		Tangent [ 0.060685 0.184846 0.980892 ]
		Color 0
		U0 0.246856
		V0 0.457323
		U1 0.246856
		V1 0.457323
	Vertex
		Position [ 96.614400  168.963150 -96.614400 ]
		Normal [ 0.656266 -0.372331 -0.656266 ]
		Tangent [ -0.640381 0.185126 -0.745413 ]
		Color 0
		U0 0.192217
		V0 0.428921
		U1 0.192217
		V1 0.428921
	Vertex
		Position [ 74.318775  110.216325 -74.318775 ]
		Normal [ 0.671828 -0.311918 -0.671828 ]
		Tangent [ -0.653523 0.177311 -0.735846 ]
		Color 0
		U0 0.192624
		V0 0.466711
		U1 0.192624
		V1 0.466711
	Vertex
		Position [ 126.232800  168.963150 -52.287375 ]
		Normal [ 0.857453 -0.372331 -0.355169 ]
		Tangent [ -0.351882 0.079327 -0.932677 ]
		Color 0
		U0 0.219625
		V0 0.429603
		U1 0.219625
		V1 0.429603
	Vertex
		Position [ 97.102200  110.216325 -40.221075 ]
		Normal [ 0.877786 -0.311919 -0.363591 ]
		Tangent [ 0.426673 0.163960 0.889420 ]
		Color 0
		U0 0.267805
		V0 0.457323
		U1 0.267805
		V1 0.457323
	Vertex
		Position [ 87.197775  34.764675 -36.118500 ]
		Normal [ 0.921579 -0.070524 -0.381730 ]
		Tangent [ 0.387684 0.217424 0.895783 ]
		Color 0
		U0 0.267676
		V0 0.395994
		U1 0.267676
		V1 0.395994
	Vertex
		Position [ 97.102200  110.216325 -40.221075 ]
		Normal [ 0.877786 -0.311919 -0.363591 ]
		Tangent [ -0.359027 0.074147 -0.930377 ]
		Color 0
		U0 0.267805
		V0 0.457323
		U1 0.267805
		V1 0.457323
	Vertex
		Position [ 66.738300  34.764675 -66.738300 ]
		Normal [ 0.705346 -0.070524 -0.705346 ]
		Tangent [ -0.693258 0.139004 -0.707157 ]
		Color 0
		U0 0.288667
		V0 0.395994
		U1 0.288667
		V1 0.395994
	Vertex
		Position [ 87.197775  34.764675 -36.118500 ]
		Normal [ 0.921579 -0.070524 -0.381730 ]
		Tangent [ -0.373028 0.111259 -0.921125 ]
		Color 0
		U0 0.267676
		V0 0.395994
		U1 0.267676
		V1 0.395994
	Vertex
		Position [ 74.318775  110.216325 -74.318775 ]
		Normal [ 0.671828 -0.311918 -0.671828 ]
		Tangent [ 0.719433 0.058968 0.692055 ]
		Color 0
		U0 0.192624
		V0 0.466711
		U1 0.192624
		V1 0.466711
	Vertex
		Position [ 96.614400  168.963150 -96.614400 ]
		Normal [ 0.656266 -0.372331 -0.656266 ]
		Tangent [ 0.724652 0.068685 0.685683 ]
		Color 0
		U0 0.192217
		V0 0.428921
		U1 0.192217
		V1 0.428921
	Vertex
		Position [ 40.221075  110.216325 -97.102200 ]
		Normal [ 0.363591 -0.311919 -0.877786 ]
		Tangent [ 0.923890 0.000081 0.382659 ]
		Color 0
		U0 0.165018
		V0 0.466711
		U1 0.165018
		V1 0.466711
	Vertex
		Position [ 74.318775  110.216325 -74.318775 ]
		Normal [ 0.671828 -0.311918 -0.671828 ]
		Tangent [ -0.653523 0.177311 -0.735846 ]
		Color 0
		U0 0.288912
		V0 0.457323
		U1 0.288912
		V1 0.457323
	Vertex
		Position [ -0.000000  168.963150 -136.633425 ]
		Normal [ -0.000000 -0.372331 -0.928100 ]
		Tangent [ 1.000000 -0.000104 0.000042 ]
		Color 0
		U0 0.136245
		V0 0.426770
		U1 0.136245
		V1 0.426770
	Vertex
		Position [ -0.000000  110.216325 -105.102675 ]
		Normal [ -0.000000 -0.311919 -0.950109 ]
		Tangent [ 1.000000 -0.000103 0.000034 ]
		Color 0
		U0 0.136865
		V0 0.466711
		U1 0.136865
		V1 0.466711
	Vertex
		Position [ 52.287375  168.963150 -126.232800 ]
		Normal [ 0.355169 -0.372331 -0.857453 ]
		Tangent [ 0.923892 0.000083 0.382653 ]
		Color 0
		U0 0.164468
		V0 0.427920
		U1 0.164468
		V1 0.427920
	Vertex
		Position [ 40.221075  110.216325 -97.102200 ]
		Normal [ 0.363591 -0.311919 -0.877786 ]
