TXT
MeshData
    maxDiffuseMipLevel 0
	hasValidTangents TRUE
	BoundingRadius 2206.603516
	MaxBoundingExtents [ 2197.448975 345.982819 2196.086426 ]
	MinBoundingExtents [ -2194.695068 -710.282471 -2196.057617 ]
	NumMaterials 1
	Material
		DiffuseTextureFileName "Titan_CylonLoyalists-cl.DDS"
		SelfIlluminationTextureFileName "Titan_CylonLoyalists-da.DDS"
		NormalTextureFileName "Titan_CylonLoyalists-nm.DDS"
		DisplacementTextureFileName ""
		TeamColorTextureFileName ""
		Diffuse ffffffff
		Ambient ffffffff
		Specular ffffffff
		Emissive ffffffff
		Glossiness 50.000000
	NumPoints 75
	Point
		DataString "Above"
		Position [ 0.000000 515.147461 0.000000 ]
		Orientation
			 [ 1.000000 0.000000 0.000000 ]
			 [ 0.000000 1.000000 0.000000 ]
			 [ 0.000000 0.000000 1.000000 ]
	Point
		DataString "Aura"
		Position [ 0.000000 -529.366882 0.000000 ]
		Orientation
			 [ 1.000000 0.000000 0.000000 ]
			 [ 0.000000 1.000000 0.000000 ]
			 [ 0.000000 0.000000 1.000000 ]
	Point
		DataString "Center"
		Position [ 0.000000 0.000000 0.000000 ]
		Orientation
			 [ 1.000000 0.000000 0.000000 ]
			 [ 0.000000 1.000000 0.000000 ]
			 [ 0.000000 0.000000 1.000000 ]
	Point
		DataString "Hangar"
		Position [ 0.000000 -226.292969 0.000000 ]
		Orientation
			 [ 1.000000 0.000000 0.000000 ]
			 [ 0.000000 1.000000 0.000000 ]
			 [ 0.000000 0.000000 1.000000 ]
	Point
		DataString "Weapon-0"
		Position [ 0.000062 191.866684 713.877258 ]
		Orientation
			 [ 1.000000 0.000000 0.000000 ]
			 [ 0.000000 0.909961 -0.414693 ]
			 [ 0.000000 0.414693 0.909961 ]
	Point
		DataString "Weapon-0"
		Position [ -507.461426 191.866684 502.099243 ]
		Orientation
			 [ 1.000000 0.000000 0.000000 ]
			 [ 0.000000 0.909961 -0.414693 ]
			 [ 0.000000 0.414693 0.909961 ]
	Point
		DataString "Weapon-0"
		Position [ -713.877197 191.866684 -0.341534 ]
		Orientation
			 [ -0.000479 0.000000 1.000000 ]
			 [ 0.414693 0.909961 0.000199 ]
			 [ -0.909961 0.414693 -0.000436 ]
	Point
		DataString "Weapon-0"
		Position [ -502.091187 191.866684 -507.469421 ]
		Orientation
			 [ -0.000000 0.000000 1.000000 ]
			 [ 0.414693 0.909961 0.000000 ]
			 [ -0.909961 0.414693 -0.000000 ]
	Point
		DataString "Weapon-0"
		Position [ -2.519825 191.866684 -713.831665 ]
		Orientation
			 [ -1.000000 0.000000 -0.000000 ]
			 [ -0.000000 0.909961 0.414693 ]
			 [ 0.000000 0.414693 -0.909961 ]
	Point
		DataString "Weapon-0"
		Position [ 502.946167 191.866684 -506.622070 ]
		Orientation
			 [ -0.000000 0.000000 -1.000000 ]
			 [ -0.414693 0.909961 0.000000 ]
			 [ 0.909961 0.414693 -0.000000 ]
	Point
		DataString "Weapon-0"
		Position [ 713.875671 191.866684 1.510908 ]
		Orientation
			 [ -0.009191 0.000000 -0.999958 ]
			 [ -0.414676 0.909961 0.003811 ]
			 [ 0.909923 0.414693 -0.008363 ]
	Point
		DataString "Weapon-0"
		Position [ 503.963318 191.866684 505.610260 ]
		Orientation
			 [ 1.000000 0.000000 0.000000 ]
			 [ 0.000000 0.909961 -0.414693 ]
			 [ 0.000000 0.414693 0.909961 ]
	Point
		DataString "Weapon-0"
		Position [ 0.000090 191.866684 1025.932983 ]
		Orientation
			 [ 1.000000 0.000000 0.000000 ]
			 [ 0.000000 0.909961 -0.414693 ]
			 [ 0.000000 0.414693 0.909961 ]
	Point
		DataString "Weapon-0"
		Position [ -729.286987 191.866684 721.580872 ]
		Orientation
			 [ -0.000000 0.000000 1.000000 ]
			 [ 0.414693 0.909961 0.000000 ]
			 [ -0.909961 0.414693 -0.000000 ]
	Point
		DataString "Weapon-0"
		Position [ -1025.932861 191.866684 -0.490826 ]
		Orientation
			 [ -0.000479 0.000000 1.000000 ]
			 [ 0.414693 0.909961 0.000199 ]
			 [ -0.909961 0.414693 -0.000436 ]
	Point
		DataString "Weapon-0"
		Position [ -721.569275 191.866684 -729.298462 ]
		Orientation
			 [ -1.000000 0.000000 -0.000000 ]
			 [ -0.000000 0.909961 0.414693 ]
			 [ 0.000000 0.414693 -0.909961 ]
	Point
		DataString "Weapon-0"
		Position [ 1.316980 191.866684 -1025.867432 ]
		Orientation
			 [ -1.000000 0.000000 -0.000000 ]
			 [ -0.000000 0.909961 0.414693 ]
			 [ 0.000000 0.414693 -0.909961 ]
	Point
		DataString "Weapon-0"
		Position [ 722.797974 191.866684 -728.080750 ]
		Orientation
			 [ -1.000000 0.000000 -0.000000 ]
			 [ -0.000000 0.909961 0.414693 ]
			 [ 0.000000 0.414693 -0.909961 ]
	Point
		DataString "Weapon-0"
		Position [ 1025.930664 191.866684 2.171368 ]
		Orientation
			 [ -0.009191 0.000000 -0.999958 ]
			 [ -0.414676 0.909961 0.003811 ]
			 [ 0.909923 0.414693 -0.008363 ]
	Point
		DataString "Weapon-0"
		Position [ 724.259766 191.866684 726.626587 ]
		Orientation
			 [ -0.000000 0.000000 -1.000000 ]
			 [ -0.414693 0.909961 0.000000 ]
			 [ 0.909961 0.414693 -0.000000 ]
	Point
		DataString "Weapon-0"
		Position [ 0.000121 143.293686 1382.568115 ]
		Orientation
			 [ 1.000000 0.000000 0.000000 ]
			 [ 0.000000 0.909961 -0.414693 ]
			 [ 0.000000 0.414693 0.909961 ]
	Point
		DataString "Weapon-0"
		Position [ -982.801941 143.293686 972.416992 ]
		Orientation
			 [ 1.000000 0.000000 0.000000 ]
			 [ 0.000000 0.909961 -0.414693 ]
			 [ 0.000000 0.414693 0.909961 ]
	Point
		DataString "Weapon-0"
		Position [ -1382.567871 143.293686 -0.661448 ]
		Orientation
			 [ -0.000479 0.000000 1.000000 ]
			 [ 0.414693 0.909961 0.000199 ]
			 [ -0.909961 0.414693 -0.000436 ]
	Point
		DataString "Weapon-0"
		Position [ -972.401367 143.293686 -982.817383 ]
		Orientation
			 [ -0.000000 0.000000 1.000000 ]
			 [ 0.414693 0.909961 0.000000 ]
			 [ -0.909961 0.414693 -0.000000 ]
	Point
		DataString "Weapon-0"
		Position [ 1.921708 143.293686 -1382.479736 ]
		Orientation
			 [ -1.000000 0.000000 -0.000000 ]
			 [ -0.000000 0.909961 0.414693 ]
			 [ 0.000000 0.414693 -0.909961 ]
	Point
		DataString "Weapon-0"
		Position [ 974.057190 143.293686 -981.176331 ]
		Orientation
			 [ -0.000000 0.000000 -1.000000 ]
			 [ -0.414693 0.909961 0.000000 ]
			 [ 0.909961 0.414693 -0.000000 ]
	Point
		DataString "Weapon-0"
		Position [ 1382.564941 143.293686 2.926180 ]
		Orientation
			 [ -0.009191 0.000000 -0.999958 ]
			 [ -0.414676 0.909961 0.003811 ]
			 [ 0.909923 0.414693 -0.008363 ]
	Point
		DataString "Weapon-0"
		Position [ 976.027161 143.293686 979.216736 ]
		Orientation
			 [ 1.000000 0.000000 0.000000 ]
			 [ 0.000000 0.909961 -0.414693 ]
			 [ 0.000000 0.414693 0.909961 ]
	Point
		DataString "Weapon-0"
		Position [ 0.000154 16.432480 1759.174683 ]
		Orientation
			 [ 1.000000 0.000000 0.000000 ]
			 [ 0.000000 0.909961 -0.414693 ]
			 [ 0.000000 0.414693 0.909961 ]
	Point
		DataString "Weapon-0"
		Position [ -1250.513672 16.432480 1237.299927 ]
		Orientation
			 [ -0.000000 0.000000 1.000000 ]
			 [ 0.414693 0.909961 0.000000 ]
			 [ -0.909961 0.414693 -0.000000 ]
	Point
		DataString "Weapon-0"
		Position [ -1759.174561 16.432480 -0.841624 ]
		Orientation
			 [ -0.000479 0.000000 1.000000 ]
			 [ 0.414693 0.909961 0.000199 ]
			 [ -0.909961 0.414693 -0.000436 ]
	Point
		DataString "Weapon-0"
		Position [ -1237.280151 16.432480 -1250.533325 ]
		Orientation
			 [ -1.000000 0.000000 -0.000000 ]
			 [ -0.000000 0.909961 0.414693 ]
			 [ 0.000000 0.414693 -0.909961 ]
	Point
		DataString "Weapon-0"
		Position [ 2.238376 16.432480 -1759.062256 ]
		Orientation
			 [ -1.000000 0.000000 -0.000000 ]
			 [ -0.000000 0.909961 0.414693 ]
			 [ 0.000000 0.414693 -0.909961 ]
	Point
		DataString "Weapon-0"
		Position [ 1239.386963 16.432480 -1248.445313 ]
		Orientation
			 [ -1.000000 0.000000 -0.000000 ]
			 [ -0.000000 0.909961 0.414693 ]
			 [ 0.000000 0.414693 -0.909961 ]
	Point
		DataString "Weapon-0"
		Position [ 1759.170776 16.432480 3.723260 ]
		Orientation
			 [ -0.009191 0.000000 -0.999958 ]
			 [ -0.414676 0.909961 0.003811 ]
			 [ 0.909923 0.414693 -0.008363 ]
	Point
		DataString "Weapon-0"
		Position [ 1241.893555 16.432480 1245.951904 ]
		Orientation
			 [ -0.000000 0.000000 -1.000000 ]
			 [ -0.414693 0.909961 0.000000 ]
			 [ 0.909961 0.414693 -0.000000 ]
	Point
		DataString "Weapon-1"
		Position [ -67.167542 -30.149593 1022.874390 ]
		Orientation
			 [ -0.000000 0.000000 1.000000 ]
			 [ 0.000000 1.000000 0.000000 ]
			 [ -1.000000 0.000000 -0.000000 ]
	Point
		DataString "Weapon-1"
		Position [ -770.076965 -30.149593 676.583313 ]
		Orientation
			 [ -0.000000 0.000000 1.000000 ]
			 [ 0.000000 1.000000 0.000000 ]
			 [ -1.000000 0.000000 -0.000000 ]
	Point
		DataString "Weapon-1"
		Position [ -1023.041687 -30.149593 -64.570045 ]
		Orientation
			 [ -1.000000 0.000000 -0.000000 ]
			 [ 0.000000 1.000000 0.000000 ]
			 [ 0.000000 0.000000 -1.000000 ]
	Point
		DataString "Weapon-1"
		Position [ -667.378662 -30.149593 -778.067627 ]
		Orientation
			 [ -1.000000 0.000000 -0.000000 ]
			 [ 0.000000 1.000000 0.000000 ]
			 [ 0.000000 0.000000 -1.000000 ]
	Point
		DataString "Weapon-1"
		Position [ 78.488258 -30.149593 -1023.204590 ]
		Orientation
			 [ -0.000000 0.000000 -1.000000 ]
			 [ 0.000000 1.000000 0.000000 ]
			 [ 1.000000 0.000000 -0.000000 ]
	Point
		DataString "Weapon-1"
		Position [ 777.054199 -30.149593 -668.558350 ]
		Orientation
			 [ -0.000000 0.000000 -1.000000 ]
			 [ 0.000000 1.000000 0.000000 ]
			 [ 1.000000 0.000000 -0.000000 ]
	Point
		DataString "Weapon-1"
		Position [ 1022.574768 -30.149593 71.585052 ]
		Orientation
			 [ 1.000000 0.000000 0.000000 ]
			 [ 0.000000 1.000000 0.000000 ]
			 [ 0.000000 0.000000 1.000000 ]
	Point
		DataString "Weapon-1"
		Position [ 670.302490 -30.149593 775.550232 ]
		Orientation
			 [ 1.000000 0.000000 0.000000 ]
			 [ 0.000000 1.000000 0.000000 ]
			 [ 0.000000 0.000000 1.000000 ]
	Point
		DataString "Weapon-1"
		Position [ 74.549179 -30.149593 1022.874390 ]
		Orientation
			 [ -0.000000 0.000000 -1.000000 ]
			 [ 0.000000 1.000000 0.000000 ]
			 [ 1.000000 0.000000 -0.000000 ]
	Point
		DataString "Weapon-1"
		Position [ -669.764587 -30.149593 776.688477 ]
		Orientation
			 [ 1.000000 0.000000 0.000000 ]
			 [ 0.000000 1.000000 0.000000 ]
			 [ 0.000000 0.000000 1.000000 ]
	Point
		DataString "Weapon-1"
		Position [ -1022.681824 -30.149593 77.146217 ]
		Orientation
			 [ 1.000000 0.000000 0.000000 ]
			 [ 0.000000 1.000000 0.000000 ]
			 [ 0.000000 0.000000 1.000000 ]
	Point
		DataString "Weapon-1"
		Position [ -768.669617 -30.149593 -678.952637 ]
		Orientation
			 [ -0.000000 0.000000 1.000000 ]
			 [ 0.000000 1.000000 0.000000 ]
			 [ -1.000000 0.000000 -0.000000 ]
	Point
		DataString "Weapon-1"
		Position [ -79.780045 -30.149593 -1022.479736 ]
		Orientation
			 [ -0.000000 0.000000 1.000000 ]
			 [ 0.000000 1.000000 0.000000 ]
			 [ -1.000000 0.000000 -0.000000 ]
	Point
		DataString "Weapon-1"
		Position [ 677.785645 -30.149593 -769.698792 ]
		Orientation
			 [ -1.000000 0.000000 -0.000000 ]
			 [ 0.000000 1.000000 0.000000 ]
			 [ 0.000000 0.000000 -1.000000 ]
	Point
		DataString "Weapon-1"
		Position [ 1023.186890 -30.149593 -70.130348 ]
		Orientation
			 [ -1.000000 0.000000 -0.000000 ]
			 [ 0.000000 1.000000 0.000000 ]
			 [ 0.000000 0.000000 -1.000000 ]
	Point
		DataString "Weapon-1"
		Position [ 771.219604 -30.149593 676.054688 ]
		Orientation
			 [ -0.000000 0.000000 -1.000000 ]
			 [ 0.000000 1.000000 0.000000 ]
			 [ 1.000000 0.000000 -0.000000 ]
	Point
		DataString "Weapon-2"
		Position [ 0.000081 -611.898132 924.435425 ]
		Orientation
			 [ 1.000000 0.000000 0.000000 ]
			 [ 0.000000 1.000000 0.000000 ]
			 [ 0.000000 0.000000 1.000000 ]
	Point
		DataString "Weapon-2"
		Position [ -644.763489 -611.898132 662.465759 ]
		Orientation
			 [ -0.000000 0.000000 1.000000 ]
			 [ 0.000000 1.000000 0.000000 ]
			 [ -1.000000 0.000000 -0.000000 ]
	Point
		DataString "Weapon-2"
		Position [ -924.385559 -611.898132 -9.601554 ]
		Orientation
			 [ -1.000000 0.000000 -0.000000 ]
			 [ 0.000000 1.000000 0.000000 ]
			 [ 0.000000 0.000000 -1.000000 ]
	Point
		DataString "Weapon-2"
		Position [ -653.659546 -611.898132 -653.689575 ]
		Orientation
			 [ -0.000000 0.000000 1.000000 ]
			 [ 0.000000 1.000000 0.000000 ]
			 [ -1.000000 0.000000 -0.000000 ]
	Point
		DataString "Weapon-2"
		Position [ -2.925923 -611.898132 -924.430786 ]
		Orientation
			 [ -1.000000 0.000000 -0.000000 ]
			 [ 0.000000 1.000000 0.000000 ]
			 [ 0.000000 0.000000 -1.000000 ]
	Point
		DataString "Weapon-2"
		Position [ 648.521301 -611.898132 -658.787537 ]
		Orientation
			 [ -0.000000 0.000000 -1.000000 ]
			 [ 0.000000 1.000000 0.000000 ]
			 [ 1.000000 0.000000 -0.000000 ]
	Point
		DataString "Weapon-2"
		Position [ 924.339844 -611.898132 -13.293275 ]
		Orientation
			 [ -0.000000 0.000000 -1.000000 ]
			 [ 0.000000 1.000000 0.000000 ]
			 [ 1.000000 0.000000 -0.000000 ]
	Point
		DataString "Weapon-2"
		Position [ 656.888977 -611.898132 650.444275 ]
		Orientation
			 [ -0.000000 0.000000 -1.000000 ]
			 [ 0.000000 1.000000 0.000000 ]
			 [ 1.000000 0.000000 -0.000000 ]
	Point
		DataString "Weapon-2"
		Position [ 0.000055 -415.575104 631.640808 ]
		Orientation
			 [ 1.000000 0.000000 0.000000 ]
			 [ 0.000000 1.000000 0.000000 ]
			 [ 0.000000 0.000000 1.000000 ]
	Point
		DataString "Weapon-2"
		Position [ -440.548859 -415.575104 452.644287 ]
		Orientation
			 [ -0.000000 0.000000 1.000000 ]
			 [ 0.000000 1.000000 0.000000 ]
			 [ -1.000000 0.000000 -0.000000 ]
	Point
		DataString "Weapon-2"
		Position [ -631.606750 -415.575104 -6.560472 ]
		Orientation
			 [ -1.000000 0.000000 -0.000000 ]
			 [ 0.000000 1.000000 0.000000 ]
			 [ 0.000000 0.000000 -1.000000 ]
	Point
		DataString "Weapon-2"
		Position [ -446.627258 -415.575104 -446.647766 ]
		Orientation
			 [ -0.000000 0.000000 1.000000 ]
			 [ 0.000000 1.000000 0.000000 ]
			 [ -1.000000 0.000000 -0.000000 ]
	Point
		DataString "Weapon-2"
		Position [ -1.999201 -415.575104 -631.637695 ]
		Orientation
			 [ -1.000000 0.000000 -0.000000 ]
			 [ 0.000000 1.000000 0.000000 ]
			 [ 0.000000 0.000000 -1.000000 ]
	Point
		DataString "Weapon-2"
		Position [ 443.116425 -415.575104 -450.131042 ]
		Orientation
			 [ -0.000000 0.000000 -1.000000 ]
			 [ 0.000000 1.000000 0.000000 ]
			 [ 1.000000 0.000000 -0.000000 ]
	Point
		DataString "Weapon-2"
		Position [ 631.575500 -415.575104 -9.082922 ]
		Orientation
			 [ -0.000000 0.000000 -1.000000 ]
			 [ 0.000000 1.000000 0.000000 ]
			 [ 1.000000 0.000000 -0.000000 ]
	Point
		DataString "Weapon-2"
		Position [ 448.833832 -415.575104 444.430328 ]
		Orientation
			 [ -0.000000 0.000000 -1.000000 ]
			 [ 0.000000 1.000000 0.000000 ]
			 [ 1.000000 0.000000 -0.000000 ]
	Point
		DataString "Bomb"
		Position [ 0.000000 -187.617447 0.000000 ]
		Orientation
			 [ 1.000000 0.000000 0.000000 ]
			 [ 0.000000 -0.000000 1.000000 ]
			 [ 0.000000 -1.000000 -0.000000 ]
	Point
		DataString "Ability-0"
		Position [ 0.000000 0.000000 0.000000 ]
		Orientation
			 [ 1.000000 0.000000 0.000000 ]
			 [ 0.000000 1.000000 0.000000 ]
			 [ 0.000000 0.000000 1.000000 ]
	Point
		DataString "Ability-1"
		Position [ 0.000000 0.000000 0.000000 ]
		Orientation
			 [ 1.000000 0.000000 0.000000 ]
			 [ 0.000000 1.000000 0.000000 ]
			 [ 0.000000 0.000000 1.000000 ]
	Point
		DataString "Ability-2"
		Position [ 0.000000 0.000000 0.000000 ]
		Orientation
			 [ 1.000000 0.000000 0.000000 ]
			 [ 0.000000 1.000000 0.000000 ]
			 [ 0.000000 0.000000 1.000000 ]
	Point
		DataString "Ability-3"
		Position [ 0.000000 0.000000 0.000000 ]
		Orientation
			 [ 1.000000 0.000000 0.000000 ]
			 [ 0.000000 1.000000 0.000000 ]
			 [ 0.000000 0.000000 1.000000 ]
	Point
		DataString "Flair-Flair_Starbase_haze"
		Position [ 0.000000 0.000000 0.000000 ]
		Orientation
			 [ 1.000000 0.000000 0.000000 ]
			 [ 0.000000 1.000000 0.000000 ]
			 [ 0.000000 0.000000 1.000000 ]
	Point
		DataString "Flair-Flair_Blink"
		Position [ 0.000000 284.537598 0.000000 ]
		Orientation
			 [ 1.000000 0.000000 0.000000 ]
			 [ 0.000000 1.000000 0.000000 ]
			 [ 0.000000 0.000000 1.000000 ]
	NumVertices 7234
	Vertex
		Position [ -42.413883 282.756866 -42.556160 ]
		Normal [ 0.113394 0.987058 0.113394 ]
		Tangent [ 0.821114 -0.157358 0.548644 ]
		Color 0
		U0 0.114448
		V0 0.257222
		U1 0.405318
		V1 0.100469
	Vertex
		Position [ -102.388039 294.489227 -42.556156 ]
		Normal [ -0.134412 0.989360 -0.055675 ]
		Tangent [ 0.822980 0.142750 0.549842 ]
		Color 0
		U0 0.141871
		V0 0.256577
		U1 0.397492
		V1 0.095240
	Vertex
		Position [ -78.365768 294.489227 -78.508034 ]
		Normal [ -0.102875 0.989360 -0.102875 ]
		Tangent [ 0.822928 0.142750 0.549920 ]
		Color 0
		U0 0.130837
		V0 0.240365
		U1 0.397492
		V1 0.102026
	Vertex
		Position [ -42.413887 294.489227 -102.530312 ]
		Normal [ -0.055675 0.989360 -0.134412 ]
		Tangent [ 0.825040 0.121405 0.551878 ]
		Color 0
		U0 0.114347
		V0 0.229613
		U1 0.400089
		V1 0.108296
	Vertex
		Position [ -22.956873 282.756866 -55.556923 ]
		Normal [ 0.048876 0.991810 0.117997 ]
		Tangent [ 0.826730 -0.106465 0.552433 ]
		Color 0
		U0 0.105669
		V0 0.251542
		U1 0.406724
		V1 0.103863
	Vertex
		Position [ -0.005753 280.990051 -0.148040 ]
		Normal [ 0.000000 1.000000 0.000000 ]
		Tangent [ 0.831470 -0.000000 0.555570 ]
		Color 0
		U0 0.095804
		V0 0.276470
		U1 0.414551
		V1 0.098633
	Vertex
		Position [ -55.414646 282.756866 -23.099150 ]
		Normal [ 0.117997 0.991810 0.048876 ]
		Tangent [ 0.824917 -0.125304 0.551190 ]
		Color 0
		U0 0.120364
		V0 0.265832
		U1 0.405318
		V1 0.096796
	Vertex
		Position [ -59.979904 282.756866 -0.148035 ]
		Normal [ 0.160363 0.987058 -0.000000 ]
		Tangent [ 0.823990 -0.133870 0.550562 ]
		Color 0
		U0 0.122548
		V0 0.276041
		U1 0.406724
		V1 0.093403
	Vertex
		Position [ -102.388039 294.489227 42.260090 ]
		Normal [ -0.134412 0.989360 0.055675 ]
		Tangent [ 0.829288 0.081555 0.552838 ]
		Color 0
		U0 0.142342
		V0 0.294888
		U1 0.404888
		V1 0.084171
	Vertex
		Position [ -110.823524 294.489227 -0.148030 ]
		Normal [ -0.145487 0.989360 0.000000 ]
		Tangent [ 0.825597 0.121405 0.551045 ]
		Color 0
		U0 0.145890
		V0 0.275705
		U1 0.400089
		V1 0.088970
	Vertex
		Position [ -55.414639 282.756866 22.803078 ]
		Normal [ 0.117997 0.991810 -0.048876 ]
		Tangent [ 0.829376 -0.071366 0.554114 ]
		Color 0
		U0 0.120657
		V0 0.286306
		U1 0.409321
		V1 0.090806
	Vertex
		Position [ -42.413876 282.756866 42.260086 ]
		Normal [ 0.113394 0.987058 -0.113394 ]
		Tangent [ 0.831067 -0.031684 0.555269 ]
		Color 0
		U0 0.115011
		V0 0.295085
		U1 0.412714
		V1 0.089400
	Vertex
		Position [ -42.413872 294.489227 102.234230 ]
		Normal [ -0.055675 0.989360 0.134412 ]
		Tangent [ 0.830789 -0.028764 0.555844 ]
		Color 0
		U0 0.115782
		V0 0.322501
		U1 0.417944
		V1 0.081574
	Vertex
		Position [ -78.365753 294.489227 78.211967 ]
		Normal [ -0.102875 0.989360 0.102875 ]
		Tangent [ 0.831462 0.028764 0.554837 ]
		Color 0
		U0 0.131802
		V0 0.311303
		U1 0.411157
		V1 0.081574
	Vertex
		Position [ -22.956861 282.756866 55.260849 ]
		Normal [ 0.048876 0.991810 -0.117997 ]
		Tangent [ 0.831192 0.025118 0.555418 ]
		Color 0
		U0 0.106432
		V0 0.301035
		U1 0.416387
		V1 0.089400
	Vertex
		Position [ -0.005748 282.756866 59.826107 ]
		Normal [ -0.000000 0.987058 -0.160363 ]
		Tangent [ 0.828079 0.089901 0.553355 ]
		Color 0
		U0 0.096227
		V0 0.303265
		U1 0.419780
		V1 0.090806
	Vertex
		Position [ 42.402382 294.489227 102.234230 ]
		Normal [ 0.055675 0.989360 0.134412 ]
		Tangent [ 0.825040 -0.121405 0.551878 ]
		Color 0
		U0 0.077260
		V0 0.323328
		U1 0.429013
		V1 0.088970
	Vertex
		Position [ -0.005743 294.489227 110.669731 ]
		Normal [ 0.000000 0.989360 0.145487 ]
		Tangent [ 0.828110 -0.081555 0.554602 ]
		Color 0
		U0 0.096642
		V0 0.326772
		U1 0.424214
		V1 0.084171
	Vertex
		Position [ 22.945364 282.756866 55.260841 ]
		Normal [ -0.048876 0.991810 -0.117997 ]
		Tangent [ 0.826730 0.106465 0.552433 ]
		Color 0
		U0 0.085938
		V0 0.301399
		U1 0.422378
		V1 0.093403
	Vertex
		Position [ 42.402378 282.756866 42.260078 ]
		Normal [ -0.113394 0.987058 -0.113394 ]
		Tangent [ 0.821114 0.157358 0.548644 ]
		Color 0
		U0 0.077159
		V0 0.295719
		U1 0.423783
		V1 0.096796
	Vertex
		Position [ 102.376518 294.489227 42.260075 ]
		Normal [ 0.134412 0.989360 0.055675 ]
		Tangent [ 0.822980 -0.142750 0.549842 ]
		Color 0
		U0 0.049736
		V0 0.296364
		U1 0.431610
		V1 0.102026
	Vertex
		Position [ 78.354256 294.489227 78.211952 ]
		Normal [ 0.102875 0.989360 0.102875 ]
		Tangent [ 0.822928 -0.142750 0.549920 ]
		Color 0
		U0 0.060770
		V0 0.312576
		U1 0.431610
		V1 0.095240
	Vertex
		Position [ 55.403141 282.756866 22.803066 ]
		Normal [ -0.117997 0.991810 -0.048876 ]
		Tangent [ 0.824917 0.125304 0.551190 ]
		Color 0
		U0 0.071243
		V0 0.287109
		U1 0.423783
		V1 0.100469
	Vertex
		Position [ 59.968391 282.756866 -0.148045 ]
		Normal [ -0.160363 0.987058 0.000000 ]
		Tangent [ 0.823990 0.133870 0.550562 ]
		Color 0
		U0 0.069059
		V0 0.276900
		U1 0.422378
		V1 0.103863
	Vertex
		Position [ 102.376518 294.489227 -42.556171 ]
		Normal [ 0.134412 0.989360 -0.055675 ]
		Tangent [ 0.829288 -0.081555 0.552838 ]
		Color 0
		U0 0.049266
		V0 0.258053
		U1 0.424214
		V1 0.113095
	Vertex
		Position [ 110.812019 294.489227 -0.148050 ]
		Normal [ 0.145487 0.989360 -0.000000 ]
		Tangent [ 0.825597 -0.121405 0.551045 ]
		Color 0
		U0 0.045718
		V0 0.277236
		U1 0.429013
		V1 0.108296
	Vertex
		Position [ 55.403133 282.756866 -23.099161 ]
		Normal [ -0.117997 0.991810 0.048876 ]
		Tangent [ 0.829376 0.071366 0.554114 ]
		Color 0
		U0 0.070950
		V0 0.266635
		U1 0.419780
		V1 0.106460
	Vertex
		Position [ 42.402370 282.756866 -42.556168 ]
		Normal [ -0.113394 0.987058 0.113394 ]
		Tangent [ 0.831067 0.031684 0.555269 ]
		Color 0
		U0 0.076596
		V0 0.257856
		U1 0.416387
		V1 0.107865
	Vertex
		Position [ 42.402367 294.489227 -102.530312 ]
		Normal [ 0.055675 0.989360 -0.134412 ]
		Tangent [ 0.830789 0.028764 0.555844 ]
		Color 0
		U0 0.075825
		V0 0.230440
		U1 0.411157
		V1 0.115692
	Vertex
		Position [ 78.354240 294.489227 -78.508049 ]
		Normal [ 0.102875 0.989360 -0.102875 ]
		Tangent [ 0.831462 -0.028764 0.554837 ]
		Color 0
		U0 0.059806
		V0 0.241637
		U1 0.417944
		V1 0.115692
	Vertex
		Position [ 22.945353 282.756866 -55.556931 ]
		Normal [ -0.048876 0.991810 0.117997 ]
		Tangent [ 0.831192 -0.025118 0.555418 ]
		Color 0
		U0 0.085175
		V0 0.251906
		U1 0.412714
		V1 0.107865
	Vertex
		Position [ -0.005758 282.756866 -60.122185 ]
		Normal [ 0.000000 0.987058 0.160363 ]
		Tangent [ 0.828079 -0.089901 0.553356 ]
		Color 0
		U0 0.095380
		V0 0.249676
		U1 0.409321
		V1 0.106460
	Vertex
		Position [ -0.005763 294.489227 -110.965820 ]
		Normal [ -0.000000 0.989360 -0.145487 ]
		Tangent [ 0.828110 0.081555 0.554602 ]
		Color 0
		U0 0.094966
		V0 0.226169
		U1 0.404888
		V1 0.113095
	Vertex
		Position [ -102.388046 275.023834 -102.530304 ]
		Normal [ -0.509424 0.693523 -0.509424 ]
		Tangent [ 0.582159 0.713717 0.389485 ]
		Color 0
		U0 0.143575
		V0 0.227388
		U1 0.392262
		V1 0.103066
	Vertex
		Position [ -144.796158 275.023834 -0.148027 ]
		Normal [ -0.720435 0.693523 0.000000 ]
		Tangent [ 0.630817 0.655296 0.415520 ]
		Color 0
		U0 0.163862
		V0 0.275490
		U1 0.395655
		V1 0.086007
	Vertex
		Position [ -133.774628 275.023834 -55.556915 ]
		Normal [ -0.665595 0.693523 -0.275698 ]
		Tangent [ 0.582623 0.713718 0.388790 ]
		Color 0
		U0 0.158486
		V0 0.249528
		U1 0.392262
		V1 0.094199
	Vertex
		Position [ -102.388031 275.023834 102.234238 ]
		Normal [ -0.509424 0.693523 0.509424 ]
		Tangent [ 0.795538 0.153889 0.586035 ]
		Color 0
		U0 0.144760
		V0 0.323759
		U1 0.410117
		V1 0.076344
	Vertex
		Position [ -133.774628 275.023834 55.260857 ]
		Normal [ -0.665595 0.693523 0.275698 ]
		Tangent [ 0.719932 0.499297 0.482079 ]
		Color 0
		U0 0.159030
		V0 0.301492
		U1 0.401925
		V1 0.079737
	Vertex
		Position [ -0.005740 275.023834 144.642365 ]
		Normal [ 0.000000 0.693523 0.720435 ]
		Tangent [ 0.805379 -0.427045 0.411092 ]
		Color 0
		U0 0.097049
		V0 0.344951
		U1 0.427176
		V1 0.079737
	Vertex
		Position [ -55.414631 275.023834 133.620834 ]
		Normal [ -0.275698 0.693523 0.665595 ]
		Tangent [ 0.845865 -0.153890 0.510716 ]
		Color 0
		U0 0.123073
		V0 0.339011
		U1 0.418984
		V1 0.076344
	Vertex
		Position [ 102.376526 275.023834 102.234222 ]
		Normal [ 0.509424 0.693523 0.509424 ]
		Tangent [ 0.607807 -0.709060 0.357498 ]
		Color 0
		U0 0.048033
		V0 0.325553
		U1 0.436840
		V1 0.094199
	Vertex
		Position [ 55.403149 275.023834 133.620834 ]
		Normal [ 0.275698 0.693523 0.665595 ]
		Tangent [ 0.705341 -0.616386 0.350088 ]
		Color 0
		U0 0.070511
		V0 0.340383
		U1 0.433446
		V1 0.086007
	Vertex
		Position [ 144.784653 275.023834 -0.148053 ]
		Normal [ 0.720435 0.693523 -0.000000 ]
		Tangent [ 0.593362 -0.616387 0.517675 ]
		Color 0
		U0 0.027745
		V0 0.277451
		U1 0.433446
		V1 0.111258
	Vertex
		Position [ 133.763138 275.023834 55.260834 ]
		Normal [ 0.665595 0.693523 0.275698 ]
		Tangent [ 0.562884 -0.709061 0.424728 ]
		Color 0
		U0 0.033121
		V0 0.303413
		U1 0.436840
		V1 0.103066
	Vertex
		Position [ 102.376511 275.023834 -102.530319 ]
		Normal [ 0.509424 0.693523 -0.509424 ]
		Tangent [ 0.795538 -0.153889 0.586035 ]
		Color 0
		U0 0.046847
		V0 0.229182
		U1 0.418984
		V1 0.120922
	Vertex
		Position [ 133.763138 275.023834 -55.556938 ]
		Normal [ 0.665595 0.693523 -0.275698 ]
		Tangent [ 0.688006 -0.427045 0.586754 ]
		Color 0
		U0 0.032577
		V0 0.251449
		U1 0.427176
		V1 0.117528
	Vertex
		Position [ -0.005766 275.023834 -144.938446 ]
		Normal [ -0.000000 0.693523 -0.720435 ]
		Tangent [ 0.534460 0.608907 0.586161 ]
		Color 0
		U0 0.094558
		V0 0.207990
		U1 0.401925
		V1 0.117528
	Vertex
		Position [ 55.403126 275.023834 -133.916916 ]
		Normal [ 0.275698 0.693523 -0.665595 ]
		Tangent [ 0.845865 0.153890 0.510716 ]
		Color 0
		U0 0.068534
		V0 0.213930
		U1 0.410117
		V1 0.120922
	Vertex
		Position [ -55.414654 275.023834 -133.916916 ]
		Normal [ -0.275698 0.693523 -0.665595 ]
		Tangent [ 0.625299 0.655294 0.423782 ]
		Color 0
		U0 0.121097
		V0 0.212558
		U1 0.395655
		V1 0.111258
	Vertex
		Position [ -102.388046 275.023834 -102.530304 ]
		Normal [ -0.509424 0.693523 -0.509424 ]
		Tangent [ 0.582159 0.713717 0.389485 ]
		Color 0
		U0 0.143575
		V0 0.227388
		U1 0.184162
		V1 0.149941
	Vertex
		Position [ -144.796158 252.062790 -60.122173 ]
		Normal [ -0.897381 0.237782 -0.371707 ]
		Tangent [ 0.201416 0.970241 0.134404 ]
		Color 0
		U0 0.170152
		V0 0.244631
		U1 0.180158
		V1 0.140709
	Vertex
		Position [ -110.823532 252.062790 -110.965813 ]
		Normal [ -0.686826 0.237782 -0.686826 ]
		Tangent [ 0.201250 0.970241 0.134651 ]
		Color 0
		U0 0.152579
		V0 0.218311
		U1 0.180158
		V1 0.150307
	Vertex
		Position [ -59.979916 252.062790 -144.938446 ]
		Normal [ -0.371708 0.237782 -0.897381 ]
		Tangent [ 0.232819 0.959626 0.157839 ]
		Color 0
		U0 0.125880
		V0 0.200472
		U1 0.181346
		V1 0.159174
	Vertex
		Position [ -55.414654 275.023834 -133.916916 ]
		Normal [ -0.275698 0.693523 -0.665595 ]
		Tangent [ 0.625299 0.655294 0.423782 ]
		Color 0
		U0 0.121097
		V0 0.212558
		U1 0.185259
		V1 0.158133
	Vertex
		Position [ -133.774628 275.023834 -55.556915 ]
		Normal [ -0.665595 0.693523 -0.275698 ]
		Tangent [ 0.582623 0.713718 0.388790 ]
		Color 0
		U0 0.158486
		V0 0.249528
		U1 0.184162
		V1 0.141074
	Vertex
		Position [ -144.796158 275.023834 -0.148027 ]
		Normal [ -0.720435 0.693523 0.000000 ]
		Tangent [ 0.630817 0.655296 0.415520 ]
		Color 0
		U0 0.163862
		V0 0.275490
		U1 0.185259
		V1 0.132882
	Vertex
		Position [ -144.796158 252.062790 59.826118 ]
		Normal [ -0.897381 0.237782 0.371707 ]
		Tangent [ 0.378968 0.846822 0.373196 ]
		Color 0
		U0 0.170715
		V0 0.306116
		U1 0.183540
		V1 0.125055
	Vertex
		Position [ -156.725754 252.062790 -0.148026 ]
		Normal [ -0.971319 0.237782 0.000000 ]
		Tangent [ 0.232682 0.950487 0.205994 ]
		Color 0
		U0 0.176449
		V0 0.275367
		U1 0.181346
		V1 0.131842
	Vertex
		Position [ -133.774628 275.023834 55.260857 ]
		Normal [ -0.665595 0.693523 0.275698 ]
		Tangent [ 0.719932 0.499297 0.482079 ]
		Color 0
		U0 0.159030
		V0 0.301492
		U1 0.187286
		V1 0.126612
	Vertex
		Position [ -102.388031 275.023834 102.234238 ]
		Normal [ -0.509424 0.693523 0.509424 ]
		Tangent [ -0.494282 -0.720424 0.486492 ]
		Color 0
		U0 0.144760
		V0 0.323759
		U1 0.309387
		V1 0.135803
	Vertex
		Position [ -144.796158 252.062790 59.826118 ]
		Normal [ -0.897381 0.237782 0.371707 ]
		Tangent [ -0.196917 -0.969655 0.144891 ]
		Color 0
		U0 0.170715
		V0 0.306116
		U1 0.312903
		V1 0.126391
	Vertex
		Position [ -133.774628 275.023834 55.260857 ]
		Normal [ -0.665595 0.693523 0.275698 ]
		Tangent [ -0.561390 -0.708669 0.427351 ]
		Color 0
		U0 0.159030
		V0 0.301492
		U1 0.308980
		V1 0.127087
	Vertex
		Position [ -59.979893 252.062790 144.642365 ]
		Normal [ -0.371708 0.237782 0.897381 ]
		Tangent [ -0.213885 -0.962571 0.166462 ]
		Color 0
		U0 0.128228
		V0 0.350565
		U1 0.312850
		V1 0.145216
	Vertex
		Position [ -110.823517 252.062790 110.669739 ]
		Normal [ -0.686826 0.237782 0.686826 ]
		Tangent [ -0.170059 -0.971315 0.166214 ]
		Color 0
		U0 0.153854
		V0 0.332462
		U1 0.313344
		V1 0.135825
	Vertex
		Position [ -55.414631 275.023834 133.620834 ]
		Normal [ -0.275698 0.693523 0.665595 ]
		Tangent [ -0.446546 -0.705584 0.550225 ]
		Color 0
		U0 0.123073
		V0 0.339011
		U1 0.308930
		V1 0.144480
	Vertex
		Position [ -0.005740 275.023834 144.642365 ]
		Normal [ 0.000000 0.693523 0.720435 ]
		Tangent [ -0.397441 -0.661091 0.636396 ]
		Color 0
		U0 0.097049
		V0 0.344951
		U1 0.307679
		V1 0.151795
	Vertex
		Position [ -0.005740 275.023834 144.642365 ]
		Normal [ 0.000000 0.693523 0.720435 ]
		Tangent [ -0.514707 0.617676 -0.594603 ]
		Color 0
		U0 0.097049
		V0 0.344951
		U1 0.177104
		V1 0.122411
	Vertex
		Position [ 59.968403 252.062790 144.642365 ]
		Normal [ 0.371708 0.237782 0.897381 ]
		Tangent [ -0.279361 0.950486 -0.136138 ]
		Color 0
		U0 0.065727
		V0 0.352469
		U1 0.169995
		V1 0.117181
	Vertex
		Position [ -0.005739 252.062790 156.571960 ]
		Normal [ 0.000000 0.237782 0.971319 ]
		Tangent [ -0.168131 0.957491 -0.234397 ]
		Color 0
		U0 0.097404
		V0 0.357732
		U1 0.173477
		V1 0.123968
	Vertex
		Position [ 55.403149 275.023834 133.620834 ]
		Normal [ 0.275698 0.693523 0.665595 ]
		Tangent [ -0.536885 0.685458 -0.491834 ]
		Color 0
		U0 0.070511
		V0 0.340383
		U1 0.173887
		V1 0.116141
	Vertex
		Position [ 102.376526 275.023834 102.234222 ]
		Normal [ 0.509424 0.693523 0.509424 ]
		Tangent [ -0.555522 0.717159 -0.420807 ]
		Color 0
		U0 0.048033
		V0 0.325553
		U1 0.172146
		V1 0.107949
	Vertex
		Position [ 144.784653 252.062790 59.826096 ]
		Normal [ 0.897381 0.237782 0.371708 ]
		Tangent [ -0.182703 0.967010 -0.177514 ]
		Color 0
		U0 0.021456
		V0 0.308310
		U1 0.168110
		V1 0.098717
	Vertex
		Position [ 110.812027 252.062790 110.669724 ]
		Normal [ 0.686826 0.237782 0.686826 ]
		Tangent [ -0.233927 0.967009 -0.100855 ]
		Color 0
		U0 0.039028
		V0 0.334630
		U1 0.168110
		V1 0.108314
	Vertex
		Position [ 133.763138 275.023834 55.260834 ]
		Normal [ 0.665595 0.693523 0.275698 ]
		Tangent [ -0.601369 0.717159 -0.352190 ]
		Color 0
		U0 0.033121
		V0 0.303413
		U1 0.172146
		V1 0.099082
	Vertex
		Position [ 144.784653 275.023834 -0.148053 ]
		Normal [ 0.720435 0.693523 -0.000000 ]
		Tangent [ -0.659851 0.685456 -0.307808 ]
		Color 0
		U0 0.027745
		V0 0.277451
		U1 0.173887
		V1 0.090890
	Vertex
		Position [ 144.784653 252.062790 -60.122196 ]
		Normal [ 0.897381 0.237782 -0.371708 ]
		Tangent [ -0.378968 0.846823 -0.373195 ]
		Color 0
		U0 0.020893
		V0 0.246825
		U1 0.173477
		V1 0.083063
	Vertex
		Position [ 156.714249 252.062790 -0.148054 ]
		Normal [ 0.971319 0.237782 -0.000000 ]
		Tangent [ -0.226394 0.924801 -0.305760 ]
		Color 0
		U0 0.015158
		V0 0.277573
		U1 0.169995
		V1 0.089850
	Vertex
		Position [ 133.763138 275.023834 -55.556938 ]
		Normal [ 0.665595 0.693523 -0.275698 ]
		Tangent [ -0.746311 0.617681 -0.247971 ]
		Color 0
		U0 0.032577
		V0 0.251449
		U1 0.177104
		V1 0.084620
	Vertex
		Position [ 102.376511 275.023834 -102.530319 ]
		Normal [ 0.509424 0.693523 -0.509424 ]
		Tangent [ -0.316108 0.701429 0.638806 ]
		Color 0
		U0 0.046847
		V0 0.229182
		U1 0.723303
		V1 0.134383
	Vertex
		Position [ 144.784653 252.062790 -60.122196 ]
		Normal [ 0.897381 0.237782 -0.371708 ]
		Tangent [ -0.044799 0.887128 0.459343 ]
		Color 0
		U0 0.020893
		V0 0.246825
		U1 0.721107
		V1 0.142851
	Vertex
		Position [ 133.763138 275.023834 -55.556938 ]
		Normal [ 0.665595 0.693523 -0.275698 ]
		Tangent [ -0.416533 0.651730 0.633835 ]
		Color 0
		U0 0.032577
		V0 0.251449
		U1 0.724918
		V1 0.141451
	Vertex
		Position [ 59.968380 252.062790 -144.938446 ]
		Normal [ 0.371708 0.237782 -0.897381 ]
		Tangent [ -0.073609 0.971147 0.226838 ]
		Color 0
		U0 0.063379
		V0 0.202376
		U1 0.718628
		V1 0.125916
	Vertex
		Position [ 110.812012 252.062790 -110.965828 ]
		Normal [ 0.686826 0.237782 -0.686826 ]
		Tangent [ -0.003945 0.946177 0.323625 ]
		Color 0
		U0 0.037753
		V0 0.220479
		U1 0.719360
		V1 0.135201
	Vertex
		Position [ 55.403126 275.023834 -133.916916 ]
		Normal [ 0.275698 0.693523 -0.665595 ]
		Tangent [ -0.238900 0.720141 0.651402 ]
		Color 0
		U0 0.068534
		V0 0.213930
		U1 0.722627
		V1 0.125805
	Vertex
		Position [ -0.005766 275.023834 -144.938446 ]
		Normal [ -0.000000 0.693523 -0.720435 ]
		Tangent [ 0.534460 0.608907 0.586161 ]
		Color 0
		U0 0.094558
		V0 0.207990
		U1 0.722992
		V1 0.117021
	Vertex
		Position [ -0.005766 275.023834 -144.938446 ]
		Normal [ -0.000000 0.693523 -0.720435 ]
		Tangent [ 0.534460 0.608907 0.586161 ]
		Color 0
		U0 0.094558
		V0 0.207990
		U1 0.187286
		V1 0.164403
	Vertex
		Position [ -0.005767 252.062790 -156.868042 ]
		Normal [ -0.000000 0.237782 -0.971319 ]
		Tangent [ 0.086919 0.967642 0.236882 ]
		Color 0
		U0 0.094204
		V0 0.195209
		U1 0.183540
		V1 0.165960
	Vertex
		Position [ -110.823532 252.062790 -110.965813 ]
		Normal [ -0.686826 0.237782 -0.686826 ]
		Tangent [ 0.201250 0.970241 0.134651 ]
		Color 0
		U0 0.701026
		V0 0.088474
		U1 0.180158
		V1 0.150307
	Vertex
		Position [ -110.823532 -117.869347 -110.965813 ]
		Normal [ -0.686826 -0.237782 -0.686826 ]
		Tangent [ -0.201252 0.970241 -0.134650 ]
		Color 0
		U0 0.701026
		V0 0.198275
		U1 0.125214
		V1 0.150307
	Vertex
		Position [ -59.979916 252.062790 -144.938446 ]
		Normal [ -0.371708 0.237782 -0.897381 ]
		Tangent [ 0.232819 0.959626 0.157839 ]
		Color 0
		U0 0.719176
		V0 0.088474
		U1 0.181346
		V1 0.159174
	Vertex
		Position [ -144.796158 252.062790 -60.122173 ]
		Normal [ -0.897381 0.237782 -0.371707 ]
		Tangent [ 0.201416 0.970241 0.134404 ]
		Color 0
		U0 0.682876
		V0 0.088474
		U1 0.180158
		V1 0.140709
	Vertex
		Position [ -156.725754 252.062790 -0.148026 ]
		Normal [ -0.971319 0.237782 0.000000 ]
		Tangent [ 0.232682 0.950487 0.205994 ]
		Color 0
		U0 0.664726
		V0 0.088474
		U1 0.181346
		V1 0.131842
	Vertex
		Position [ -156.725754 -117.869347 -0.148026 ]
		Normal [ -0.971318 -0.237783 0.000000 ]
		Tangent [ -0.232683 0.950486 -0.205999 ]
		Color 0
		U0 0.664726
		V0 0.198275
		U1 0.126401
		V1 0.131842
	Vertex
		Position [ -144.796158 252.062790 59.826118 ]
		Normal [ -0.897381 0.237782 0.371707 ]
		Tangent [ -0.196917 -0.969655 0.144891 ]
		Color 0
		U0 0.646576
		V0 0.088474
		U1 0.312903
		V1 0.126391
	Vertex
		Position [ -156.725754 -117.869347 -0.148026 ]
		Normal [ -0.971318 -0.237783 0.000000 ]
		Tangent [ 0.237783 -0.971318 -0.000000 ]
		Color 0
		U0 0.664726
		V0 0.198275
		U1 0.367818
		V1 0.118350
	Vertex
		Position [ -156.725754 252.062790 -0.148026 ]
		Normal [ -0.971319 0.237782 0.000000 ]
		Tangent [ -0.237782 -0.971319 0.000000 ]
		Color 0
		U0 0.664726
		V0 0.088474
		U1 0.311595
		V1 0.118350
	Vertex
		Position [ -110.823517 252.062790 110.669739 ]
		Normal [ -0.686826 0.237782 0.686826 ]
		Tangent [ -0.170059 -0.971315 0.166214 ]
		Color 0
		U0 0.628426
		V0 0.088474
		U1 0.313344
		V1 0.135825
	Vertex
		Position [ -110.823517 -117.869347 110.669739 ]
		Normal [ -0.686826 -0.237782 0.686826 ]
		Tangent [ 0.168138 -0.971318 -0.168138 ]
		Color 0
		U0 0.628426
		V0 0.198275
		U1 0.369567
		V1 0.135825
	Vertex
		Position [ -59.979893 252.062790 144.642365 ]
		Normal [ -0.371708 0.237782 0.897381 ]
		Tangent [ -0.213885 -0.962571 0.166462 ]
		Color 0
		U0 0.610277
		V0 0.088474
		U1 0.312850
		V1 0.145216
	Vertex
		Position [ -0.005739 252.062790 156.571960 ]
		Normal [ 0.000000 0.237782 0.971319 ]
		Tangent [ -0.380372 -0.898308 0.219909 ]
		Color 0
		U0 0.097404
		V0 0.357732
		U1 0.311495
		V1 0.153134
	Vertex
		Position [ -0.005739 252.062790 156.571960 ]
		Normal [ 0.000000 0.237782 0.971319 ]
		Tangent [ -0.168131 0.957491 -0.234397 ]
		Color 0
		U0 0.592127
		V0 0.088474
		U1 0.596105
		V1 0.114943
	Vertex
		Position [ -0.005739 -117.869347 156.571960 ]
		Normal [ 0.000000 -0.237783 0.971318 ]
		Tangent [ -0.051144 0.970047 0.237471 ]
		Color 0
		U0 0.592127
		V0 0.198275
		U1 0.540743
		V1 0.114943
	Vertex
		Position [ -59.979893 252.062790 144.642365 ]
		Normal [ -0.371708 0.237782 0.897381 ]
		Tangent [ 0.090996 0.971319 -0.219682 ]
		Color 0
		U0 0.610277
		V0 0.088474
		U1 0.596500
		V1 0.124451
	Vertex
		Position [ 59.968403 252.062790 144.642365 ]
		Normal [ 0.371708 0.237782 0.897381 ]
		Tangent [ -0.279361 0.950486 -0.136138 ]
		Color 0
		U0 0.573977
		V0 0.088474
		U1 0.594643
		V1 0.106661
	Vertex
		Position [ 110.812027 252.062790 110.669724 ]
		Normal [ 0.686826 0.237782 0.686826 ]
		Tangent [ 0.168137 -0.971319 0.168137 ]
		Color 0
		U0 0.846224
		V0 0.088474
		U1 0.855682
		V1 0.139244
	Vertex
		Position [ 110.812027 -117.869347 110.669724 ]
		Normal [ 0.686826 -0.237782 0.686826 ]
		Tangent [ -0.201252 -0.970241 -0.134650 ]
		Color 0
		U0 0.846224
		V0 0.198275
		U1 0.910627
		V1 0.139244
	Vertex
		Position [ 59.968403 252.062790 144.642365 ]
		Normal [ 0.371708 0.237782 0.897381 ]
		Tangent [ 0.090995 -0.971319 0.219682 ]
		Color 0
		U0 0.864374
		V0 0.088474
		U1 0.856870
		V1 0.130377
	Vertex
		Position [ 144.784653 252.062790 59.826096 ]
		Normal [ 0.897381 0.237782 0.371708 ]
		Tangent [ 0.219682 -0.971319 0.090995 ]
		Color 0
		U0 0.828074
		V0 0.088474
		U1 0.855682
		V1 0.148842
	Vertex
		Position [ 156.714249 252.062790 -0.148054 ]
		Normal [ 0.971319 0.237782 -0.000000 ]
		Tangent [ 0.237782 -0.971319 -0.000000 ]
		Color 0
		U0 0.809925
		V0 0.088474
		U1 0.856870
		V1 0.157709
	Vertex
		Position [ 156.714249 -117.869347 -0.148054 ]
		Normal [ 0.971318 -0.237782 -0.000000 ]
		Tangent [ -0.234920 -0.959626 -0.154695 ]
		Color 0
		U0 0.809925
		V0 0.198275
		U1 0.911815
		V1 0.157709
	Vertex
		Position [ 144.784653 252.062790 -60.122196 ]
		Normal [ 0.897381 0.237782 -0.371708 ]
		Tangent [ 0.219682 -0.971319 -0.090995 ]
		Color 0
		U0 0.791775
		V0 0.088474
		U1 0.000991
		V1 0.117113
	Vertex
		Position [ 156.714249 -117.869347 -0.148054 ]
