TXT
MeshData
	maxDiffuseMipLevel 1
	hasValidTangents TRUE
	BoundingRadius 512.605164
	MaxBoundingExtents [ 193.223480 76.456306 502.066956 ]
	MinBoundingExtents [ -193.223480 -76.456306 -502.066956 ]
	NumMaterials 1
	Material
		DiffuseTextureFileName "Battlestar_ColonialThor-cl.dds"
		SelfIlluminationTextureFileName "Battlestar_ColonialThor-da.dds"
		NormalTextureFileName "Battlestar_ColonialThor-nm.dds"
		DisplacementTextureFileName ""
		TeamColorTextureFileName ""
		Diffuse ffffffff
		Ambient ffffffff
		Specular ffffffff
		Emissive ffffffff
		Glossiness 50.000000
	NumPoints 187
	Point
		DataString "Above"
		Position [ 0.000000 162.925140 0.000000 ]
		Orientation
			 [ 1.000000 0.000000 0.000000 ]
			 [ 0.000000 1.000000 0.000000 ]
			 [ 0.000000 0.000000 1.000000 ]
	Point
		DataString "Aura"
		Position [ 0.000000 -161.210144 0.000000 ]
		Orientation
			 [ 1.000000 0.000000 0.000000 ]
			 [ 0.000000 1.000000 0.000000 ]
			 [ 0.000000 0.000000 1.000000 ]
	Point
		DataString "Center"
		Position [ 0.000000 0.000000 0.000000 ]
		Orientation
			 [ 1.000000 0.000000 0.000000 ]
			 [ 0.000000 1.000000 0.000000 ]
			 [ 0.000000 0.000000 1.000000 ]
	Point
		DataString "Weapon-0"
		Position [ -41.784019 45.030293 128.043793 ]
		Orientation
			 [ -0.000000 0.000000 1.000000 ]
			 [ 0.000000 1.000000 0.000000 ]
			 [ -1.000000 0.000000 -0.000000 ]
	Point
		DataString "Weapon-0"
		Position [ 41.783936 45.030293 128.043793 ]
		Orientation
			 [ -0.000000 0.000000 -1.000000 ]
			 [ 0.000000 1.000000 0.000000 ]
			 [ 1.000000 0.000000 -0.000000 ]
	Point
		DataString "Weapon-0"
		Position [ -41.784023 45.030293 98.091492 ]
		Orientation
			 [ -0.000000 0.000000 1.000000 ]
			 [ 0.000000 1.000000 0.000000 ]
			 [ -1.000000 0.000000 -0.000000 ]
	Point
		DataString "Weapon-0"
		Position [ 41.783932 45.030293 98.091492 ]
		Orientation
			 [ -0.000000 0.000000 -1.000000 ]
			 [ 0.000000 1.000000 0.000000 ]
			 [ 1.000000 0.000000 -0.000000 ]
	Point
		DataString "Weapon-0"
		Position [ -41.784027 45.030293 29.368128 ]
		Orientation
			 [ -0.000000 0.000000 1.000000 ]
			 [ 0.000000 1.000000 0.000000 ]
			 [ -1.000000 0.000000 -0.000000 ]
	Point
		DataString "Weapon-0"
		Position [ 41.783928 45.030293 29.368120 ]
		Orientation
			 [ -0.000000 0.000000 -1.000000 ]
			 [ 0.000000 1.000000 0.000000 ]
			 [ 1.000000 0.000000 -0.000000 ]
	Point
		DataString "Weapon-0"
		Position [ -41.784031 45.030293 -0.825698 ]
		Orientation
			 [ -0.000000 0.000000 1.000000 ]
			 [ 0.000000 1.000000 0.000000 ]
			 [ -1.000000 0.000000 -0.000000 ]
	Point
		DataString "Weapon-0"
		Position [ 41.783924 45.030293 -0.825706 ]
		Orientation
			 [ -0.000000 0.000000 -1.000000 ]
			 [ 0.000000 1.000000 0.000000 ]
			 [ 1.000000 0.000000 -0.000000 ]
	Point
		DataString "Weapon-0"
		Position [ -41.784035 45.030293 -30.278578 ]
		Orientation
			 [ -0.000000 0.000000 1.000000 ]
			 [ 0.000000 1.000000 0.000000 ]
			 [ -1.000000 0.000000 -0.000000 ]
	Point
		DataString "Weapon-0"
		Position [ 41.783920 45.030293 -30.278585 ]
		Orientation
			 [ -0.000000 0.000000 -1.000000 ]
			 [ 0.000000 1.000000 0.000000 ]
			 [ 1.000000 0.000000 -0.000000 ]
	Point
		DataString "Weapon-0"
		Position [ -41.784039 45.030293 -99.187172 ]
		Orientation
			 [ -0.000000 0.000000 1.000000 ]
			 [ 0.000000 1.000000 0.000000 ]
			 [ -1.000000 0.000000 -0.000000 ]
	Point
		DataString "Weapon-0"
		Position [ 41.783916 45.030293 -99.187172 ]
		Orientation
			 [ -0.000000 0.000000 -1.000000 ]
			 [ 0.000000 1.000000 0.000000 ]
			 [ 1.000000 0.000000 -0.000000 ]
	Point
		DataString "Weapon-0"
		Position [ -41.784042 45.030293 -129.134018 ]
		Orientation
			 [ -0.000000 0.000000 1.000000 ]
			 [ 0.000000 1.000000 0.000000 ]
			 [ -1.000000 0.000000 -0.000000 ]
	Point
		DataString "Weapon-0"
		Position [ 41.783913 45.030293 -129.134018 ]
		Orientation
			 [ -0.000000 0.000000 -1.000000 ]
			 [ 0.000000 1.000000 0.000000 ]
			 [ 1.000000 0.000000 -0.000000 ]
	Point
		DataString "Weapon-0"
		Position [ -41.784019 45.030293 123.553665 ]
		Orientation
			 [ -0.000000 0.000000 1.000000 ]
			 [ 0.000000 1.000000 0.000000 ]
			 [ -1.000000 0.000000 -0.000000 ]
	Point
		DataString "Weapon-0"
		Position [ 41.783936 45.030293 123.553665 ]
		Orientation
			 [ -0.000000 0.000000 -1.000000 ]
			 [ 0.000000 1.000000 0.000000 ]
			 [ 1.000000 0.000000 -0.000000 ]
	Point
		DataString "Weapon-0"
		Position [ -41.784023 45.030293 93.601341 ]
		Orientation
			 [ -0.000000 0.000000 1.000000 ]
			 [ 0.000000 1.000000 0.000000 ]
			 [ -1.000000 0.000000 -0.000000 ]
	Point
		DataString "Weapon-0"
		Position [ 41.783932 45.030293 93.601341 ]
		Orientation
			 [ -0.000000 0.000000 -1.000000 ]
			 [ 0.000000 1.000000 0.000000 ]
			 [ 1.000000 0.000000 -0.000000 ]
	Point
		DataString "Weapon-0"
		Position [ -41.784027 45.030293 24.877981 ]
		Orientation
			 [ -0.000000 0.000000 1.000000 ]
			 [ 0.000000 1.000000 0.000000 ]
			 [ -1.000000 0.000000 -0.000000 ]
	Point
		DataString "Weapon-0"
		Position [ 41.783928 45.030293 24.877974 ]
		Orientation
			 [ -0.000000 0.000000 -1.000000 ]
			 [ 0.000000 1.000000 0.000000 ]
			 [ 1.000000 0.000000 -0.000000 ]
	Point
		DataString "Weapon-0"
		Position [ -41.784031 45.030293 -5.315846 ]
		Orientation
			 [ -0.000000 0.000000 1.000000 ]
			 [ 0.000000 1.000000 0.000000 ]
			 [ -1.000000 0.000000 -0.000000 ]
	Point
		DataString "Weapon-0"
		Position [ 41.783924 45.030293 -5.315854 ]
		Orientation
			 [ -0.000000 0.000000 -1.000000 ]
			 [ 0.000000 1.000000 0.000000 ]
			 [ 1.000000 0.000000 -0.000000 ]
	Point
		DataString "Weapon-0"
		Position [ -41.784035 45.030293 -34.768711 ]
		Orientation
			 [ -0.000000 0.000000 1.000000 ]
			 [ 0.000000 1.000000 0.000000 ]
			 [ -1.000000 0.000000 -0.000000 ]
	Point
		DataString "Weapon-0"
		Position [ 41.783920 45.030293 -34.768719 ]
		Orientation
			 [ -0.000000 0.000000 -1.000000 ]
			 [ 0.000000 1.000000 0.000000 ]
			 [ 1.000000 0.000000 -0.000000 ]
	Point
		DataString "Weapon-0"
		Position [ -41.784039 45.030293 -103.677315 ]
		Orientation
			 [ -0.000000 0.000000 1.000000 ]
			 [ 0.000000 1.000000 0.000000 ]
			 [ -1.000000 0.000000 -0.000000 ]
	Point
		DataString "Weapon-0"
		Position [ 41.783916 45.030293 -103.677315 ]
		Orientation
			 [ -0.000000 0.000000 -1.000000 ]
			 [ 0.000000 1.000000 0.000000 ]
			 [ 1.000000 0.000000 -0.000000 ]
	Point
		DataString "Weapon-0"
		Position [ -41.784042 45.030293 -133.624161 ]
		Orientation
			 [ -0.000000 0.000000 1.000000 ]
			 [ 0.000000 1.000000 0.000000 ]
			 [ -1.000000 0.000000 -0.000000 ]
	Point
		DataString "Weapon-0"
		Position [ 41.783913 45.030293 -133.624161 ]
		Orientation
			 [ -0.000000 0.000000 -1.000000 ]
			 [ 0.000000 1.000000 0.000000 ]
			 [ 1.000000 0.000000 -0.000000 ]
	Point
		DataString "Weapon-0"
		Position [ -2.380144 -72.193832 380.310455 ]
		Orientation
			 [ 1.000000 0.000000 0.000000 ]
			 [ 0.000000 1.000000 0.000000 ]
			 [ 0.000000 0.000000 1.000000 ]
	Point
		DataString "Weapon-0"
		Position [ 2.380688 -72.193832 380.310455 ]
		Orientation
			 [ 1.000000 0.000000 0.000000 ]
			 [ 0.000000 1.000000 0.000000 ]
			 [ 0.000000 0.000000 1.000000 ]
	Point
		DataString "Weapon-0"
		Position [ -45.023575 -3.745200 487.301239 ]
		Orientation
			 [ 1.000000 0.000000 0.000000 ]
			 [ 0.000000 1.000000 0.000000 ]
			 [ 0.000000 0.000000 1.000000 ]
	Point
		DataString "Weapon-0"
		Position [ 45.023392 -3.745200 487.301239 ]
		Orientation
			 [ 1.000000 0.000000 0.000000 ]
			 [ 0.000000 1.000000 0.000000 ]
			 [ 0.000000 0.000000 1.000000 ]
	Point
		DataString "Weapon-0"
		Position [ -50.165611 -3.745200 487.301239 ]
		Orientation
			 [ 1.000000 0.000000 0.000000 ]
			 [ 0.000000 1.000000 0.000000 ]
			 [ 0.000000 0.000000 1.000000 ]
	Point
		DataString "Weapon-0"
		Position [ 50.165546 -3.745200 487.301239 ]
		Orientation
			 [ 1.000000 0.000000 0.000000 ]
			 [ 0.000000 1.000000 0.000000 ]
			 [ 0.000000 0.000000 1.000000 ]
	Point
		DataString "Weapon-1"
		Position [ -58.784824 -19.258480 451.462402 ]
		Orientation
			 [ 1.000000 0.000000 0.000000 ]
			 [ 0.000000 1.000000 0.000000 ]
			 [ 0.000000 0.000000 1.000000 ]
	Point
		DataString "Weapon-1"
		Position [ -51.176079 -19.258480 451.462402 ]
		Orientation
			 [ 1.000000 0.000000 0.000000 ]
			 [ 0.000000 1.000000 0.000000 ]
			 [ 0.000000 0.000000 1.000000 ]
	Point
		DataString "Weapon-1"
		Position [ -54.208500 -23.633135 451.462402 ]
		Orientation
			 [ 1.000000 0.000000 0.000000 ]
			 [ 0.000000 1.000000 0.000000 ]
			 [ 0.000000 0.000000 1.000000 ]
	Point
		DataString "Weapon-1"
		Position [ -54.000500 -15.404613 451.462402 ]
		Orientation
			 [ 1.000000 0.000000 0.000000 ]
			 [ 0.000000 1.000000 0.000000 ]
			 [ 0.000000 0.000000 1.000000 ]
	Point
		DataString "Weapon-1"
		Position [ -54.261597 -19.258480 451.462402 ]
		Orientation
			 [ 1.000000 0.000000 0.000000 ]
			 [ 0.000000 1.000000 0.000000 ]
			 [ 0.000000 0.000000 1.000000 ]
	Point
		DataString "Weapon-1"
		Position [ -43.682976 -19.258480 451.462402 ]
		Orientation
			 [ 1.000000 0.000000 0.000000 ]
			 [ 0.000000 1.000000 0.000000 ]
			 [ 0.000000 0.000000 1.000000 ]
	Point
		DataString "Weapon-1"
		Position [ -36.074226 -19.258480 451.462402 ]
		Orientation
			 [ 1.000000 0.000000 0.000000 ]
			 [ 0.000000 1.000000 0.000000 ]
			 [ 0.000000 0.000000 1.000000 ]
	Point
		DataString "Weapon-1"
		Position [ -39.106667 -23.633135 451.462402 ]
		Orientation
			 [ 1.000000 0.000000 0.000000 ]
			 [ 0.000000 1.000000 0.000000 ]
			 [ 0.000000 0.000000 1.000000 ]
	Point
		DataString "Weapon-1"
		Position [ -38.898651 -15.404613 451.462402 ]
		Orientation
			 [ 1.000000 0.000000 0.000000 ]
			 [ 0.000000 1.000000 0.000000 ]
			 [ 0.000000 0.000000 1.000000 ]
	Point
		DataString "Weapon-1"
		Position [ -39.159763 -19.258480 451.462402 ]
		Orientation
			 [ 1.000000 0.000000 0.000000 ]
			 [ 0.000000 1.000000 0.000000 ]
			 [ 0.000000 0.000000 1.000000 ]
	Point
		DataString "Weapon-1"
		Position [ -66.523903 31.510565 72.254341 ]
		Orientation
			 [ -0.000000 -0.000000 1.000000 ]
			 [ -0.414693 0.909961 0.000000 ]
			 [ -0.909961 -0.414693 -0.000000 ]
	Point
		DataString "Weapon-1"
		Position [ -66.523903 31.510565 57.280415 ]
		Orientation
			 [ -0.000000 -0.000000 1.000000 ]
			 [ -0.414693 0.909961 0.000000 ]
			 [ -0.909961 -0.414693 -0.000000 ]
	Point
		DataString "Weapon-1"
		Position [ -66.523918 31.510565 -52.333488 ]
		Orientation
			 [ -0.000000 -0.000000 1.000000 ]
			 [ -0.414693 0.909961 0.000000 ]
			 [ -0.909961 -0.414693 -0.000000 ]
	Point
		DataString "Weapon-1"
		Position [ -66.523918 31.510565 -66.980881 ]
		Orientation
			 [ -0.000000 -0.000000 1.000000 ]
			 [ -0.414693 0.909961 0.000000 ]
			 [ -0.909961 -0.414693 -0.000000 ]
	Point
		DataString "Weapon-1"
		Position [ 66.523918 31.510565 72.254326 ]
		Orientation
			 [ -0.000000 0.000000 -1.000000 ]
			 [ 0.414693 0.909961 0.000000 ]
			 [ 0.909961 -0.414693 -0.000000 ]
	Point
		DataString "Weapon-1"
		Position [ 66.523918 31.510565 57.280399 ]
		Orientation
			 [ -0.000000 0.000000 -1.000000 ]
			 [ 0.414693 0.909961 0.000000 ]
			 [ 0.909961 -0.414693 -0.000000 ]
	Point
		DataString "Weapon-1"
		Position [ 66.523903 31.510565 -52.333504 ]
		Orientation
			 [ -0.000000 0.000000 -1.000000 ]
			 [ 0.414693 0.909961 0.000000 ]
			 [ 0.909961 -0.414693 -0.000000 ]
	Point
		DataString "Weapon-1"
		Position [ 66.523903 31.510565 -66.980896 ]
		Orientation
			 [ -0.000000 0.000000 -1.000000 ]
			 [ 0.414693 0.909961 0.000000 ]
			 [ 0.909961 -0.414693 -0.000000 ]
	Point
		DataString "Weapon-1"
		Position [ -66.523903 31.510565 64.355293 ]
		Orientation
			 [ -0.000000 -0.000000 1.000000 ]
			 [ -0.414693 0.909961 0.000000 ]
			 [ -0.909961 -0.414693 -0.000000 ]
	Point
		DataString "Weapon-1"
		Position [ -66.523903 31.510565 49.381359 ]
		Orientation
			 [ -0.000000 -0.000000 1.000000 ]
			 [ -0.414693 0.909961 0.000000 ]
			 [ -0.909961 -0.414693 -0.000000 ]
	Point
		DataString "Weapon-1"
		Position [ -66.523918 31.510565 -60.232540 ]
		Orientation
			 [ -0.000000 -0.000000 1.000000 ]
			 [ -0.414693 0.909961 0.000000 ]
			 [ -0.909961 -0.414693 -0.000000 ]
	Point
		DataString "Weapon-1"
		Position [ -66.523918 31.510565 -74.879936 ]
		Orientation
			 [ -0.000000 -0.000000 1.000000 ]
			 [ -0.414693 0.909961 0.000000 ]
			 [ -0.909961 -0.414693 -0.000000 ]
	Point
		DataString "Weapon-1"
		Position [ 66.523918 31.510565 64.355278 ]
		Orientation
			 [ -0.000000 0.000000 -1.000000 ]
			 [ 0.414693 0.909961 0.000000 ]
			 [ 0.909961 -0.414693 -0.000000 ]
	Point
		DataString "Weapon-1"
		Position [ 66.523918 31.510565 49.381344 ]
		Orientation
			 [ -0.000000 0.000000 -1.000000 ]
			 [ 0.414693 0.909961 0.000000 ]
			 [ 0.909961 -0.414693 -0.000000 ]
	Point
		DataString "Weapon-1"
		Position [ 66.523903 31.510565 -60.232555 ]
		Orientation
			 [ -0.000000 0.000000 -1.000000 ]
			 [ 0.414693 0.909961 0.000000 ]
			 [ 0.909961 -0.414693 -0.000000 ]
	Point
		DataString "Weapon-1"
		Position [ 66.523903 31.510565 -74.879951 ]
		Orientation
			 [ -0.000000 0.000000 -1.000000 ]
			 [ 0.414693 0.909961 0.000000 ]
			 [ 0.909961 -0.414693 -0.000000 ]
	Point
		DataString "Weapon-1"
		Position [ -66.523903 35.751312 67.882866 ]
		Orientation
			 [ -0.000000 -0.000000 1.000000 ]
			 [ -0.414693 0.909961 0.000000 ]
			 [ -0.909961 -0.414693 -0.000000 ]
	Point
		DataString "Weapon-1"
		Position [ -66.523903 35.751312 52.908936 ]
		Orientation
			 [ -0.000000 -0.000000 1.000000 ]
			 [ -0.414693 0.909961 0.000000 ]
			 [ -0.909961 -0.414693 -0.000000 ]
	Point
		DataString "Weapon-1"
		Position [ -66.523918 35.751312 -56.704960 ]
		Orientation
			 [ -0.000000 -0.000000 1.000000 ]
			 [ -0.414693 0.909961 0.000000 ]
			 [ -0.909961 -0.414693 -0.000000 ]
	Point
		DataString "Weapon-1"
		Position [ -66.523918 35.751312 -71.352348 ]
		Orientation
			 [ -0.000000 -0.000000 1.000000 ]
			 [ -0.414693 0.909961 0.000000 ]
			 [ -0.909961 -0.414693 -0.000000 ]
	Point
		DataString "Weapon-1"
		Position [ 66.523918 35.751312 67.882851 ]
		Orientation
			 [ -0.000000 0.000000 -1.000000 ]
			 [ 0.414693 0.909961 0.000000 ]
			 [ 0.909961 -0.414693 -0.000000 ]
	Point
		DataString "Weapon-1"
		Position [ 66.523918 35.751312 52.908920 ]
		Orientation
			 [ -0.000000 0.000000 -1.000000 ]
			 [ 0.414693 0.909961 0.000000 ]
			 [ 0.909961 -0.414693 -0.000000 ]
	Point
		DataString "Weapon-1"
		Position [ 66.523903 35.751312 -56.704975 ]
		Orientation
			 [ -0.000000 0.000000 -1.000000 ]
			 [ 0.414693 0.909961 0.000000 ]
			 [ 0.909961 -0.414693 -0.000000 ]
	Point
		DataString "Weapon-1"
		Position [ 66.523903 35.751312 -71.352364 ]
		Orientation
			 [ -0.000000 0.000000 -1.000000 ]
			 [ 0.414693 0.909961 0.000000 ]
			 [ 0.909961 -0.414693 -0.000000 ]
	Point
		DataString "Weapon-1"
		Position [ -66.523903 27.122557 67.882866 ]
		Orientation
			 [ -0.000000 -0.000000 1.000000 ]
			 [ -0.414693 0.909961 0.000000 ]
			 [ -0.909961 -0.414693 -0.000000 ]
	Point
		DataString "Weapon-1"
		Position [ -66.523903 27.122557 52.908936 ]
		Orientation
			 [ -0.000000 -0.000000 1.000000 ]
			 [ -0.414693 0.909961 0.000000 ]
			 [ -0.909961 -0.414693 -0.000000 ]
	Point
		DataString "Weapon-1"
		Position [ -66.523918 27.122557 -71.352348 ]
		Orientation
			 [ -0.000000 -0.000000 1.000000 ]
			 [ -0.414693 0.909961 0.000000 ]
			 [ -0.909961 -0.414693 -0.000000 ]
	Point
		DataString "Weapon-1"
		Position [ -66.523918 27.122557 -71.352348 ]
		Orientation
			 [ -0.000000 -0.000000 1.000000 ]
			 [ -0.414693 0.909961 0.000000 ]
			 [ -0.909961 -0.414693 -0.000000 ]
	Point
		DataString "Weapon-1"
		Position [ 66.523918 27.122557 67.882851 ]
		Orientation
			 [ -0.000000 0.000000 -1.000000 ]
			 [ 0.414693 0.909961 0.000000 ]
			 [ 0.909961 -0.414693 -0.000000 ]
	Point
		DataString "Weapon-1"
		Position [ 66.523918 27.122557 52.908920 ]
		Orientation
			 [ -0.000000 0.000000 -1.000000 ]
			 [ 0.414693 0.909961 0.000000 ]
			 [ 0.909961 -0.414693 -0.000000 ]
	Point
		DataString "Weapon-1"
		Position [ 34.411701 -19.258480 451.462402 ]
		Orientation
			 [ 1.000000 0.000000 0.000000 ]
			 [ 0.000000 1.000000 0.000000 ]
			 [ 0.000000 0.000000 1.000000 ]
	Point
		DataString "Weapon-1"
		Position [ 42.020447 -19.258480 451.462402 ]
		Orientation
			 [ 1.000000 0.000000 0.000000 ]
			 [ 0.000000 1.000000 0.000000 ]
			 [ 0.000000 0.000000 1.000000 ]
	Point
		DataString "Weapon-1"
		Position [ 38.988007 -23.633135 451.462402 ]
		Orientation
			 [ 1.000000 0.000000 0.000000 ]
			 [ 0.000000 1.000000 0.000000 ]
			 [ 0.000000 0.000000 1.000000 ]
	Point
		DataString "Weapon-1"
		Position [ 39.196022 -15.404613 451.462402 ]
		Orientation
			 [ 1.000000 0.000000 0.000000 ]
			 [ 0.000000 1.000000 0.000000 ]
			 [ 0.000000 0.000000 1.000000 ]
	Point
		DataString "Weapon-1"
		Position [ 38.934914 -19.258480 451.462402 ]
		Orientation
			 [ 1.000000 0.000000 0.000000 ]
			 [ 0.000000 1.000000 0.000000 ]
			 [ 0.000000 0.000000 1.000000 ]
	Point
		DataString "Weapon-1"
		Position [ 49.513535 -19.258480 451.462402 ]
		Orientation
			 [ 1.000000 0.000000 0.000000 ]
			 [ 0.000000 1.000000 0.000000 ]
			 [ 0.000000 0.000000 1.000000 ]
	Point
		DataString "Weapon-1"
		Position [ 57.122280 -19.258480 451.462402 ]
		Orientation
			 [ 1.000000 0.000000 0.000000 ]
			 [ 0.000000 1.000000 0.000000 ]
			 [ 0.000000 0.000000 1.000000 ]
	Point
		DataString "Weapon-1"
		Position [ 54.089859 -23.633135 451.462402 ]
		Orientation
			 [ 1.000000 0.000000 0.000000 ]
			 [ 0.000000 1.000000 0.000000 ]
			 [ 0.000000 0.000000 1.000000 ]
	Point
		DataString "Weapon-1"
		Position [ 54.297874 -15.404613 451.462402 ]
		Orientation
			 [ 1.000000 0.000000 0.000000 ]
			 [ 0.000000 1.000000 0.000000 ]
			 [ 0.000000 0.000000 1.000000 ]
	Point
		DataString "Weapon-1"
		Position [ 54.036762 -19.258480 451.462402 ]
		Orientation
			 [ 1.000000 0.000000 0.000000 ]
			 [ 0.000000 1.000000 0.000000 ]
			 [ 0.000000 0.000000 1.000000 ]
	Point
		DataString "Weapon-1"
		Position [ 66.523903 27.122557 -56.704975 ]
		Orientation
			 [ -0.000000 0.000000 -1.000000 ]
			 [ 0.414693 0.909961 0.000000 ]
			 [ 0.909961 -0.414693 -0.000000 ]
	Point
		DataString "Weapon-1"
		Position [ 66.523903 27.122557 -71.352364 ]
		Orientation
			 [ -0.000000 0.000000 -1.000000 ]
			 [ 0.414693 0.909961 0.000000 ]
			 [ 0.909961 -0.414693 -0.000000 ]
	Point
		DataString "Weapon-1"
		Position [ -66.523903 31.322887 67.882866 ]
		Orientation
			 [ -0.000000 -0.000000 1.000000 ]
			 [ -0.414693 0.909961 0.000000 ]
			 [ -0.909961 -0.414693 -0.000000 ]
	Point
		DataString "Weapon-1"
		Position [ -66.523903 31.322887 52.908936 ]
		Orientation
			 [ -0.000000 -0.000000 1.000000 ]
			 [ -0.414693 0.909961 0.000000 ]
			 [ -0.909961 -0.414693 -0.000000 ]
	Point
		DataString "Weapon-1"
		Position [ -66.523918 31.322887 -56.704960 ]
		Orientation
			 [ -0.000000 -0.000000 1.000000 ]
			 [ -0.414693 0.909961 0.000000 ]
			 [ -0.909961 -0.414693 -0.000000 ]
	Point
		DataString "Weapon-1"
		Position [ -66.523918 31.322887 -71.352348 ]
		Orientation
			 [ -0.000000 -0.000000 1.000000 ]
			 [ -0.414693 0.909961 0.000000 ]
			 [ -0.909961 -0.414693 -0.000000 ]
	Point
		DataString "Weapon-1"
		Position [ 66.523918 31.322887 67.882851 ]
		Orientation
			 [ -0.000000 0.000000 -1.000000 ]
			 [ 0.414693 0.909961 0.000000 ]
			 [ 0.909961 -0.414693 -0.000000 ]
	Point
		DataString "Weapon-1"
		Position [ 66.523918 31.322887 52.908920 ]
		Orientation
			 [ -0.000000 0.000000 -1.000000 ]
			 [ 0.414693 0.909961 0.000000 ]
			 [ 0.909961 -0.414693 -0.000000 ]
	Point
		DataString "Weapon-1"
		Position [ 66.523903 31.322887 -56.704975 ]
		Orientation
			 [ -0.000000 0.000000 -1.000000 ]
			 [ 0.414693 0.909961 0.000000 ]
			 [ 0.909961 -0.414693 -0.000000 ]
	Point
		DataString "Weapon-1"
		Position [ 66.523903 31.322887 -71.352364 ]
		Orientation
			 [ -0.000000 0.000000 -1.000000 ]
			 [ 0.414693 0.909961 0.000000 ]
			 [ 0.909961 -0.414693 -0.000000 ]
	Point
		DataString "Exhaust"
		Position [ -89.374809 0.000000 -501.001221 ]
		Orientation
			 [ -1.000000 0.000000 -0.000000 ]
			 [ 0.000000 1.000000 0.000000 ]
			 [ 0.000000 0.000000 -1.000000 ]
	Point
		DataString "Exhaust"
		Position [ 89.374573 0.000000 -501.001221 ]
		Orientation
			 [ -1.000000 0.000000 -0.000000 ]
			 [ 0.000000 1.000000 0.000000 ]
			 [ 0.000000 0.000000 -1.000000 ]
	Point
		DataString "Exhaust"
		Position [ -42.112362 58.392902 -501.001221 ]
		Orientation
			 [ -1.000000 0.000000 -0.000000 ]
			 [ 0.000000 1.000000 0.000000 ]
			 [ 0.000000 0.000000 -1.000000 ]
	Point
		DataString "Exhaust"
		Position [ 42.112457 58.392902 -501.001221 ]
		Orientation
			 [ -1.000000 0.000000 -0.000000 ]
			 [ 0.000000 1.000000 0.000000 ]
			 [ 0.000000 0.000000 -1.000000 ]
	Point
		DataString "Exhaust"
		Position [ -42.112362 -57.822159 -501.001221 ]
		Orientation
			 [ -1.000000 0.000000 -0.000000 ]
			 [ 0.000000 1.000000 0.000000 ]
			 [ 0.000000 0.000000 -1.000000 ]
	Point
		DataString "Exhaust"
		Position [ 42.112457 -57.822159 -501.001221 ]
		Orientation
			 [ -1.000000 0.000000 -0.000000 ]
			 [ 0.000000 1.000000 0.000000 ]
			 [ 0.000000 0.000000 -1.000000 ]
	Point
		DataString "Flair-Flair_Blink"
		Position [ -155.063690 -17.445658 -135.357193 ]
		Orientation
			 [ 1.000000 0.000000 0.000000 ]
			 [ 0.000000 1.000000 0.000000 ]
			 [ 0.000000 0.000000 1.000000 ]
	Point
		DataString "Flair-Flair_Blink"
		Position [ 155.063644 -17.445658 -135.357224 ]
		Orientation
			 [ 1.000000 0.000000 0.000000 ]
			 [ 0.000000 1.000000 0.000000 ]
			 [ 0.000000 0.000000 1.000000 ]
	Point
		DataString "Flair-Flair_Blink"
		Position [ -59.833641 65.309395 308.205292 ]
		Orientation
			 [ 1.000000 0.000000 0.000000 ]
			 [ 0.000000 1.000000 0.000000 ]
			 [ 0.000000 0.000000 1.000000 ]
	Point
		DataString "Flair-Flair_Blink"
		Position [ 59.833015 65.309395 308.205292 ]
		Orientation
			 [ 1.000000 0.000000 0.000000 ]
			 [ 0.000000 1.000000 0.000000 ]
			 [ 0.000000 0.000000 1.000000 ]
	Point
		DataString "Bomb"
		Position [ -45.197571 -47.950165 484.881866 ]
		Orientation
			 [ 1.000000 0.000000 0.000000 ]
			 [ 0.000000 1.000000 0.000000 ]
			 [ 0.000000 0.000000 1.000000 ]
	Point
		DataString "Ability-1"
		Position [ 0.000034 0.000000 393.908142 ]
		Orientation
			 [ 1.000000 0.000000 0.000000 ]
			 [ 0.000000 1.000000 0.000000 ]
			 [ 0.000000 0.000000 1.000000 ]
	Point
		DataString "Ability-2"
		Position [ 0.000034 0.000000 393.908142 ]
		Orientation
			 [ 1.000000 0.000000 0.000000 ]
			 [ 0.000000 1.000000 0.000000 ]
			 [ 0.000000 0.000000 1.000000 ]
	Point
		DataString "Ability-3"
		Position [ 62.390949 67.290535 225.897629 ]
		Orientation
			 [ 1.000000 0.000000 0.000000 ]
			 [ 0.000000 -0.000000 -1.000000 ]
			 [ 0.000000 1.000000 -0.000000 ]
	Point
		DataString "Ability-3"
		Position [ -16.367699 67.290535 225.897629 ]
		Orientation
			 [ 1.000000 0.000000 0.000000 ]
			 [ 0.000000 -0.000000 -1.000000 ]
			 [ 0.000000 1.000000 -0.000000 ]
	Point
		DataString "Ability-3"
		Position [ 52.824699 67.290535 225.897629 ]
		Orientation
			 [ 1.000000 0.000000 0.000000 ]
			 [ 0.000000 -0.000000 -1.000000 ]
			 [ 0.000000 1.000000 -0.000000 ]
	Point
		DataString "Ability-3"
		Position [ -25.933929 67.290535 225.897629 ]
		Orientation
			 [ 1.000000 0.000000 0.000000 ]
			 [ 0.000000 -0.000000 -1.000000 ]
			 [ 0.000000 1.000000 -0.000000 ]
	Point
		DataString "Ability-3"
		Position [ 43.858551 67.290535 225.897629 ]
		Orientation
			 [ 1.000000 0.000000 0.000000 ]
			 [ 0.000000 -0.000000 -1.000000 ]
			 [ 0.000000 1.000000 -0.000000 ]
	Point
		DataString "Ability-3"
		Position [ -34.900097 67.290535 225.897629 ]
		Orientation
			 [ 1.000000 0.000000 0.000000 ]
			 [ 0.000000 -0.000000 -1.000000 ]
			 [ 0.000000 1.000000 -0.000000 ]
	Point
		DataString "Ability-3"
		Position [ 34.742210 67.290535 225.897629 ]
		Orientation
			 [ 1.000000 0.000000 0.000000 ]
			 [ 0.000000 -0.000000 -1.000000 ]
			 [ 0.000000 1.000000 -0.000000 ]
	Point
		DataString "Ability-3"
		Position [ -44.016418 67.290535 225.897629 ]
		Orientation
			 [ 1.000000 0.000000 0.000000 ]
			 [ 0.000000 -0.000000 -1.000000 ]
			 [ 0.000000 1.000000 -0.000000 ]
	Point
		DataString "Ability-3"
		Position [ 24.566942 67.290535 225.897629 ]
		Orientation
			 [ 1.000000 0.000000 0.000000 ]
			 [ 0.000000 -0.000000 -1.000000 ]
			 [ 0.000000 1.000000 -0.000000 ]
	Point
		DataString "Ability-3"
		Position [ -54.191689 67.290535 225.897629 ]
		Orientation
			 [ 1.000000 0.000000 0.000000 ]
			 [ 0.000000 -0.000000 -1.000000 ]
			 [ 0.000000 1.000000 -0.000000 ]
	Point
		DataString "Ability-3"
		Position [ 16.893229 67.290535 225.897629 ]
		Orientation
			 [ 1.000000 0.000000 0.000000 ]
			 [ 0.000000 -0.000000 -1.000000 ]
			 [ 0.000000 1.000000 -0.000000 ]
	Point
		DataString "Ability-3"
		Position [ -61.865398 67.290535 225.897629 ]
		Orientation
			 [ 1.000000 0.000000 0.000000 ]
			 [ 0.000000 -0.000000 -1.000000 ]
			 [ 0.000000 1.000000 -0.000000 ]
	Point
		DataString "Ability-3"
		Position [ 16.893230 67.290535 239.579300 ]
		Orientation
			 [ 1.000000 0.000000 0.000000 ]
			 [ 0.000000 -0.000000 -1.000000 ]
			 [ 0.000000 1.000000 -0.000000 ]
	Point
		DataString "Ability-3"
		Position [ -61.865398 67.290535 239.579300 ]
		Orientation
			 [ 1.000000 0.000000 0.000000 ]
			 [ 0.000000 -0.000000 -1.000000 ]
			 [ 0.000000 1.000000 -0.000000 ]
	Point
		DataString "Ability-3"
		Position [ 25.095900 67.290535 239.579300 ]
		Orientation
			 [ 1.000000 0.000000 0.000000 ]
			 [ 0.000000 -0.000000 -1.000000 ]
			 [ 0.000000 1.000000 -0.000000 ]
	Point
		DataString "Ability-3"
		Position [ -53.662746 67.290535 239.579300 ]
		Orientation
			 [ 1.000000 0.000000 0.000000 ]
			 [ 0.000000 -0.000000 -1.000000 ]
			 [ 0.000000 1.000000 -0.000000 ]
	Point
		DataString "Ability-3"
		Position [ 35.141426 67.290535 239.579300 ]
		Orientation
			 [ 1.000000 0.000000 0.000000 ]
			 [ 0.000000 -0.000000 -1.000000 ]
			 [ 0.000000 1.000000 -0.000000 ]
	Point
		DataString "Ability-3"
		Position [ -43.617203 67.290535 239.579300 ]
		Orientation
			 [ 1.000000 0.000000 0.000000 ]
			 [ 0.000000 -0.000000 -1.000000 ]
			 [ 0.000000 1.000000 -0.000000 ]
	Point
		DataString "Ability-3"
		Position [ 43.588329 67.290535 239.579300 ]
		Orientation
			 [ 1.000000 0.000000 0.000000 ]
			 [ 0.000000 -0.000000 -1.000000 ]
			 [ 0.000000 1.000000 -0.000000 ]
	Point
		DataString "Ability-3"
		Position [ -35.170315 67.290535 239.579300 ]
		Orientation
			 [ 1.000000 0.000000 0.000000 ]
			 [ 0.000000 -0.000000 -1.000000 ]
			 [ 0.000000 1.000000 -0.000000 ]
	Point
		DataString "Ability-3"
		Position [ 53.781757 67.290535 239.579300 ]
		Orientation
			 [ 1.000000 0.000000 0.000000 ]
			 [ 0.000000 -0.000000 -1.000000 ]
			 [ 0.000000 1.000000 -0.000000 ]
	Point
		DataString "Ability-3"
		Position [ -24.976870 67.290535 239.579300 ]
		Orientation
			 [ 1.000000 0.000000 0.000000 ]
			 [ 0.000000 -0.000000 -1.000000 ]
			 [ 0.000000 1.000000 -0.000000 ]
	Point
		DataString "Ability-3"
		Position [ 62.228661 67.290535 239.579300 ]
		Orientation
			 [ 1.000000 0.000000 0.000000 ]
			 [ 0.000000 -0.000000 -1.000000 ]
			 [ 0.000000 1.000000 -0.000000 ]
	Point
		DataString "Ability-3"
		Position [ -16.529968 67.290535 239.579300 ]
		Orientation
			 [ 1.000000 0.000000 0.000000 ]
			 [ 0.000000 -0.000000 -1.000000 ]
			 [ 0.000000 1.000000 -0.000000 ]
	Point
		DataString "Ability-0"
		Position [ -45.084045 -47.950062 468.405731 ]
		Orientation
			 [ 1.000000 0.000000 0.000000 ]
			 [ 0.000000 1.000000 0.000000 ]
			 [ 0.000000 0.000000 1.000000 ]
	Point
		DataString "Ability-0"
		Position [ 45.084621 -47.950062 468.405731 ]
		Orientation
			 [ 1.000000 0.000000 0.000000 ]
			 [ 0.000000 1.000000 0.000000 ]
			 [ 0.000000 0.000000 1.000000 ]
	Point
		DataString "Bomb"
		Position [ 45.198132 -47.950165 484.881866 ]
		Orientation
			 [ 1.000000 0.000000 0.000000 ]
			 [ 0.000000 1.000000 0.000000 ]
			 [ 0.000000 0.000000 1.000000 ]
	Point
		DataString "Hangar"
		Position [ 186.999374 -64.052216 45.420666 ]
		Orientation
			 [ -0.000000 0.000000 -1.000000 ]
			 [ 0.000000 1.000000 0.000000 ]
			 [ 1.000000 0.000000 -0.000000 ]
	Point
		DataString "Hangar"
		Position [ -186.999054 -64.052216 45.420696 ]
		Orientation
			 [ -0.000000 0.000000 1.000000 ]
			 [ 0.000000 1.000000 0.000000 ]
			 [ -1.000000 0.000000 -0.000000 ]
	Point
		DataString "Hangar"
		Position [ 186.999374 -64.052216 13.075633 ]
		Orientation
			 [ -0.000000 0.000000 -1.000000 ]
			 [ 0.000000 1.000000 0.000000 ]
			 [ 1.000000 0.000000 -0.000000 ]
	Point
		DataString "Hangar"
		Position [ -186.999054 -64.052216 13.075665 ]
		Orientation
			 [ -0.000000 0.000000 1.000000 ]
			 [ 0.000000 1.000000 0.000000 ]
			 [ -1.000000 0.000000 -0.000000 ]
	Point
		DataString "Hangar"
		Position [ 186.999374 -64.052216 -43.356113 ]
		Orientation
			 [ -0.000000 0.000000 -1.000000 ]
			 [ 0.000000 1.000000 0.000000 ]
			 [ 1.000000 0.000000 -0.000000 ]
	Point
		DataString "Hangar"
		Position [ -186.999054 -64.052216 -43.356083 ]
		Orientation
			 [ -0.000000 0.000000 1.000000 ]
			 [ 0.000000 1.000000 0.000000 ]
			 [ -1.000000 0.000000 -0.000000 ]
	Point
		DataString "Hangar"
		Position [ 186.999374 -64.052216 -77.077538 ]
		Orientation
			 [ -0.000000 0.000000 -1.000000 ]
			 [ 0.000000 1.000000 0.000000 ]
			 [ 1.000000 0.000000 -0.000000 ]
	Point
		DataString "Hangar"
		Position [ -186.999054 -64.052216 -77.077507 ]
		Orientation
			 [ -0.000000 0.000000 1.000000 ]
			 [ 0.000000 1.000000 0.000000 ]
			 [ -1.000000 0.000000 -0.000000 ]
	Point
		DataString "Hangar"
		Position [ -147.954544 -30.143866 186.862976 ]
		Orientation
			 [ 1.000000 0.000000 0.000000 ]
			 [ 0.000000 1.000000 0.000000 ]
			 [ 0.000000 0.000000 1.000000 ]
	Point
		DataString "Hangar"
		Position [ 147.954575 -30.143866 186.862946 ]
		Orientation
			 [ 1.000000 0.000000 0.000000 ]
			 [ 0.000000 1.000000 0.000000 ]
			 [ 0.000000 0.000000 1.000000 ]
	Point
		DataString "Weapon-2"
		Position [ 187.961212 -34.771599 -82.830864 ]
		Orientation
			 [ -0.000000 0.000000 -1.000000 ]
			 [ 0.000000 1.000000 0.000000 ]
			 [ 1.000000 0.000000 -0.000000 ]
	Point
		DataString "Weapon-2"
		Position [ -187.961411 -34.771599 -82.830833 ]
		Orientation
			 [ -0.000000 0.000000 1.000000 ]
			 [ 0.000000 1.000000 0.000000 ]
			 [ -1.000000 0.000000 -0.000000 ]
	Point
		DataString "Weapon-2"
		Position [ 187.961212 -34.771599 -49.641312 ]
		Orientation
			 [ -0.000000 0.000000 -1.000000 ]
			 [ 0.000000 1.000000 0.000000 ]
			 [ 1.000000 0.000000 -0.000000 ]
	Point
		DataString "Weapon-2"
		Position [ -187.961411 -34.771599 -49.641281 ]
		Orientation
			 [ -0.000000 0.000000 1.000000 ]
			 [ 0.000000 1.000000 0.000000 ]
			 [ -1.000000 0.000000 -0.000000 ]
	Point
		DataString "Weapon-2"
		Position [ 187.961212 -34.771599 6.227786 ]
		Orientation
			 [ -0.000000 0.000000 -1.000000 ]
			 [ 0.000000 1.000000 0.000000 ]
			 [ 1.000000 0.000000 -0.000000 ]
	Point
		DataString "Weapon-2"
		Position [ -187.961411 -34.771599 6.227818 ]
		Orientation
			 [ -0.000000 0.000000 1.000000 ]
			 [ 0.000000 1.000000 0.000000 ]
			 [ -1.000000 0.000000 -0.000000 ]
	Point
		DataString "Weapon-2"
		Position [ 187.961212 -34.771599 39.970505 ]
		Orientation
			 [ -0.000000 0.000000 -1.000000 ]
			 [ 0.000000 1.000000 0.000000 ]
			 [ 1.000000 0.000000 -0.000000 ]
	Point
		DataString "Weapon-2"
		Position [ -187.961411 -34.771599 39.970535 ]
		Orientation
			 [ -0.000000 0.000000 1.000000 ]
			 [ 0.000000 1.000000 0.000000 ]
			 [ -1.000000 0.000000 -0.000000 ]
	Point
		DataString "Weapon-2"
		Position [ 187.961212 -34.771599 39.970505 ]
		Orientation
			 [ -0.000000 0.000000 -1.000000 ]
			 [ 0.000000 1.000000 0.000000 ]
			 [ 1.000000 0.000000 -0.000000 ]
	Point
		DataString "Weapon-2"
		Position [ -185.664581 -29.187634 -82.830833 ]
		Orientation
			 [ -0.000000 0.000000 1.000000 ]
			 [ 0.000000 1.000000 0.000000 ]
			 [ -1.000000 0.000000 -0.000000 ]
	Point
		DataString "Weapon-2"
		Position [ 185.664185 -29.187634 -82.830864 ]
		Orientation
			 [ -0.000000 0.000000 -1.000000 ]
			 [ 0.000000 1.000000 0.000000 ]
			 [ 1.000000 0.000000 -0.000000 ]
	Point
		DataString "Weapon-2"
		Position [ -185.664581 -29.187634 -49.641281 ]
		Orientation
			 [ -0.000000 0.000000 1.000000 ]
			 [ 0.000000 1.000000 0.000000 ]
			 [ -1.000000 0.000000 -0.000000 ]
	Point
		DataString "Weapon-2"
		Position [ 185.664185 -29.187634 -49.641312 ]
		Orientation
			 [ -0.000000 0.000000 -1.000000 ]
			 [ 0.000000 1.000000 0.000000 ]
			 [ 1.000000 0.000000 -0.000000 ]
	Point
		DataString "Weapon-2"
		Position [ -185.664581 -29.187634 6.227818 ]
		Orientation
			 [ -0.000000 0.000000 1.000000 ]
			 [ 0.000000 1.000000 0.000000 ]
			 [ -1.000000 0.000000 -0.000000 ]
	Point
		DataString "Weapon-2"
		Position [ 185.664185 -29.187634 6.227786 ]
		Orientation
			 [ -0.000000 0.000000 -1.000000 ]
			 [ 0.000000 1.000000 0.000000 ]
			 [ 1.000000 0.000000 -0.000000 ]
	Point
		DataString "Weapon-2"
		Position [ -185.664581 -29.187634 39.970535 ]
		Orientation
			 [ -0.000000 0.000000 1.000000 ]
			 [ 0.000000 1.000000 0.000000 ]
			 [ -1.000000 0.000000 -0.000000 ]
	Point
		DataString "Weapon-2"
		Position [ 185.664185 -29.187634 39.970505 ]
		Orientation
			 [ -0.000000 0.000000 -1.000000 ]
			 [ 0.000000 1.000000 0.000000 ]
			 [ 1.000000 0.000000 -0.000000 ]
	Point
		DataString "Weapon-2"
		Position [ -102.168449 16.300930 233.780457 ]
		Orientation
			 [ -0.000000 0.000000 1.000000 ]
			 [ 0.000000 1.000000 0.000000 ]
			 [ -1.000000 0.000000 -0.000000 ]
	Point
		DataString "Weapon-2"
		Position [ 102.168045 16.300930 233.780426 ]
		Orientation
			 [ -0.000000 0.000000 -1.000000 ]
			 [ 0.000000 1.000000 0.000000 ]
			 [ 1.000000 0.000000 -0.000000 ]
	Point
		DataString "Weapon-2"
		Position [ -105.613686 16.300930 278.955109 ]
		Orientation
			 [ -0.000000 0.000000 1.000000 ]
			 [ 0.000000 1.000000 0.000000 ]
			 [ -1.000000 0.000000 -0.000000 ]
	Point
		DataString "Weapon-2"
		Position [ 105.613571 16.300930 278.955109 ]
		Orientation
			 [ -0.000000 0.000000 -1.000000 ]
			 [ 0.000000 1.000000 0.000000 ]
			 [ 1.000000 0.000000 -0.000000 ]
	Point
		DataString "Weapon-2"
		Position [ -104.138458 16.300930 302.925385 ]
		Orientation
			 [ -0.000000 0.000000 1.000000 ]
			 [ 0.000000 1.000000 0.000000 ]
			 [ -1.000000 0.000000 -0.000000 ]
	Point
		DataString "Weapon-2"
		Position [ 104.137985 16.300930 302.925385 ]
		Orientation
			 [ -0.000000 0.000000 -1.000000 ]
			 [ 0.000000 1.000000 0.000000 ]
			 [ 1.000000 0.000000 -0.000000 ]
	Point
		DataString "Weapon-2"
		Position [ -98.202049 16.300930 353.834442 ]
		Orientation
			 [ -0.000000 0.000000 1.000000 ]
			 [ 0.000000 1.000000 0.000000 ]
			 [ -1.000000 0.000000 -0.000000 ]
	Point
		DataString "Weapon-2"
		Position [ 98.202789 16.300930 353.834442 ]
		Orientation
			 [ -0.000000 0.000000 -1.000000 ]
			 [ 0.000000 1.000000 0.000000 ]
			 [ 1.000000 0.000000 -0.000000 ]
	Point
		DataString "Weapon-2"
		Position [ -77.734161 47.336361 353.834442 ]
		Orientation
			 [ -0.000000 0.000000 1.000000 ]
			 [ 0.000000 1.000000 0.000000 ]
			 [ -1.000000 0.000000 -0.000000 ]
	Point
		DataString "Weapon-2"
		Position [ 77.734238 47.336361 353.834442 ]
		Orientation
			 [ -0.000000 0.000000 -1.000000 ]
			 [ 0.000000 1.000000 0.000000 ]
			 [ 1.000000 0.000000 -0.000000 ]
	Point
		DataString "Weapon-2"
		Position [ -86.127129 47.336361 309.204437 ]
		Orientation
			 [ -0.000000 0.000000 1.000000 ]
			 [ 0.000000 1.000000 0.000000 ]
			 [ -1.000000 0.000000 -0.000000 ]
	Point
		DataString "Weapon-2"
		Position [ 86.127754 47.336361 309.204437 ]
		Orientation
			 [ -0.000000 0.000000 -1.000000 ]
			 [ 0.000000 1.000000 0.000000 ]
			 [ 1.000000 0.000000 -0.000000 ]
	Point
		DataString "Weapon-2"
		Position [ -88.347527 47.336361 274.307312 ]
		Orientation
			 [ -0.000000 0.000000 1.000000 ]
			 [ 0.000000 1.000000 0.000000 ]
			 [ -1.000000 0.000000 -0.000000 ]
	Point
		DataString "Weapon-2"
		Position [ 88.347107 47.336361 274.307312 ]
		Orientation
			 [ -0.000000 0.000000 -1.000000 ]
			 [ 0.000000 1.000000 0.000000 ]
			 [ 1.000000 0.000000 -0.000000 ]
	Point
		DataString "Weapon-2"
		Position [ -89.314064 47.336361 227.488068 ]
		Orientation
			 [ -0.000000 0.000000 1.000000 ]
			 [ 0.000000 1.000000 0.000000 ]
			 [ -1.000000 0.000000 -0.000000 ]
	Point
		DataString "Weapon-2"
		Position [ 89.313408 47.336361 227.488037 ]
		Orientation
			 [ -0.000000 0.000000 -1.000000 ]
			 [ 0.000000 1.000000 0.000000 ]
			 [ 1.000000 0.000000 -0.000000 ]
	Point
		DataString "Weapon-2"
		Position [ -61.178009 30.972260 144.456680 ]
		Orientation
			 [ -0.000000 0.000000 1.000000 ]
			 [ 0.000000 1.000000 0.000000 ]
			 [ -1.000000 0.000000 -0.000000 ]
	Point
		DataString "Weapon-2"
		Position [ 61.178658 30.972260 144.456680 ]
		Orientation
			 [ -0.000000 0.000000 -1.000000 ]
			 [ 0.000000 1.000000 0.000000 ]
			 [ 1.000000 0.000000 -0.000000 ]
	Point
		DataString "Weapon-2"
		Position [ -61.178013 30.972260 96.182236 ]
		Orientation
			 [ -0.000000 0.000000 1.000000 ]
			 [ 0.000000 1.000000 0.000000 ]
			 [ -1.000000 0.000000 -0.000000 ]
	Point
		DataString "Weapon-2"
		Position [ 61.178654 30.972260 96.182220 ]
		Orientation
			 [ -0.000000 0.000000 -1.000000 ]
			 [ 0.000000 1.000000 0.000000 ]
			 [ 1.000000 0.000000 -0.000000 ]
	Point
		DataString "Weapon-2"
		Position [ -61.178020 30.972260 17.687986 ]
		Orientation
			 [ -0.000000 0.000000 1.000000 ]
			 [ 0.000000 1.000000 0.000000 ]
			 [ -1.000000 0.000000 -0.000000 ]
	Point
		DataString "Weapon-2"
		Position [ 61.178646 30.972260 17.687975 ]
		Orientation
			 [ -0.000000 0.000000 -1.000000 ]
			 [ 0.000000 1.000000 0.000000 ]
			 [ 1.000000 0.000000 -0.000000 ]
	Point
		DataString "Weapon-2"
		Position [ -61.178024 30.972260 -25.699535 ]
		Orientation
			 [ -0.000000 0.000000 1.000000 ]
			 [ 0.000000 1.000000 0.000000 ]
			 [ -1.000000 0.000000 -0.000000 ]
	NumVertices 13889
	Vertex
		Position [ -43.801754 -43.398655 470.910156 ]
		Normal [ 0.371458 0.896514 0.241417 ]
		Tangent [ 0.920852 -0.388943 0.027483 ]
		Color 0
		U0 0.460380
		V0 0.994254
		U1 0.460380
		V1 0.994254
	Vertex
		Position [ -43.447117 -42.512062 467.072083 ]
		Normal [ 0.371458 0.896514 0.241417 ]
		Tangent [ 0.973945 -0.226220 0.015982 ]
		Color 0
		U0 0.460380
		V0 0.990061
		U1 0.460380
		V1 0.990061
	Vertex
		Position [ -40.879452 -46.320957 470.910156 ]
		Normal [ 0.896513 0.371458 0.241417 ]
		Tangent [ 0.378297 -0.925485 0.019181 ]
		Color 0
		U0 0.474063
		V0 0.994139
		U1 0.474063
		V1 0.994139
	Vertex
		Position [ -43.801754 -43.398655 470.910156 ]
		Normal [ 0.000000 0.000000 1.000000 ]
